match_id,match_time,match_duration,winner_aces,winner_total_points_won,winner_total_points_total,loser_total_points_won,loser_total_points_total
2017-339-r975-n409,2:21:00,141,23,97,181,84,181
2017-339-d875-n552,1:49:00,109,7,77,146,69,146
2017-339-d875-r975,1:28:00,88,4,66,119,53,119
2017-339-n552-w367,1:42:00,102,1,75,138,63,138
2017-339-d875-tb69,2:05:00,125,3,94,176,82,176
2017-339-w367-e831,2:36:00,156,11,109,216,107,216
2017-339-n552-tc61,1:02:00,62,3,55,81,26,81
2017-339-r975-sm37,1:09:00,69,12,58,97,39,97
2017-339-tb69-g940,1:29:00,89,11,66,123,57,123
2017-339-w367-t840,1:30:00,90,7,72,135,63,135
2017-339-n409-z168,0:55:00,55,1,52,76,24,76
2017-339-d875-m873,1:05:00,65,8,58,98,40,98
2017-339-e831-pf39,0:59:00,59,6,46,78,32,78
2017-339-n552-dc58,2:23:00,143,3,108,202,94,202
2017-339-tc61-f401,2:39:00,159,5,105,206,101,206
2017-339-n409-d801,1:15:00,75,2,62,105,43,105
2017-339-pf39-sd32,2:06:00,126,7,92,178,86,178
2017-339-d875-j386,1:15:00,75,3,64,105,41,105
2017-339-f401-ta46,1:24:00,84,3,70,126,56,126
2017-339-dc58-ma30,1:15:00,75,12,64,113,49,113
2017-339-e831-e873,2:10:00,130,11,103,196,93,196
2017-339-g940-h996,2:10:00,130,20,103,193,90,193
2017-339-sm37-q927,0:58:00,58,2,58,97,39,97
2017-339-m873-r612,2:00:00,120,13,94,180,86,180
2017-339-tc61-y218,1:31:00,91,1,70,120,50,120
2017-339-t840-n732,1:32:00,92,11,77,146,69,146
2017-339-z168-dh58,1:08:00,68,3,59,103,44,103
2017-339-n732-sf62,1:29:00,89,0,72,141,69,141
2017-339-dc58-sj55,2:14:00,134,6,109,208,99,208
2017-339-dh58-td51,2:19:00,139,5,113,215,102,215
2017-339-e873-d646,2:00:00,120,12,93,179,86,179
2017-339-dh58-k926,1:39:00,99,8,70,131,61,131
2017-339-d646-h940,4:12:00,252,12,93,180,87,180
2017-339-n732-sc47,1:46:00,106,2,76,157,81,157
2017-339-dc58-r548,0:59:00,59,9,58,96,38,96
2017-339-td51-w630,1:27:00,87,2,70,130,60,130
2017-339-sf62-f811,1:33:00,93,16,86,154,68,154
2017-339-sj55-ke64,1:17:00,77,4,67,113,46,113
2017-339-e873-k839,1:17:00,77,5,68,122,54,122
2017-891-bd06-y061,2:04:00,124,1,80,162,82,162
2017-891-bd06-pd31,1:08:00,68,3,62,106,44,106
2017-891-bd06-mm58,1:14:00,74,4,65,112,47,112
2017-891-mm58-sc56,2:06:00,126,4,98,188,90,188
2017-891-sc56-r772,1:45:00,105,9,75,142,67,142
2017-891-pd31-bh09,1:02:00,62,4,57,87,30,87
2017-891-kc04-c977,2:48:00,168,8,119,243,124,243
2017-891-bd06-sc73,1:15:00,75,3,62,107,45,107
2017-891-r772-d632,1:04:00,64,1,60,96,36,96
2017-891-bh09-k966,3:04:00,184,14,131,258,127,258
2017-891-mm58-kc04,1:25:00,85,8,69,124,55,124
2017-891-pd31-bf55,1:26:00,86,12,84,154,70,154
2017-891-y061-o376,1:33:00,93,0,76,131,55,131
2017-891-mm58-l575,1:26:00,86,6,70,126,56,126
2017-891-sc56-ch27,1:06:00,66,2,61,102,41,102
2017-891-pd31-k776,1:05:00,65,4,65,117,52,117
2017-891-ch27-cg80,2:01:00,121,6,86,156,70,156
2017-891-y061-me64,1:25:00,85,1,72,131,59,131
2017-891-l575-a829,1:04:00,64,4,59,89,30,89
2017-891-bf55-rb56,0:53:00,53,0,55,80,25,80
2017-891-bh09-g476,1:15:00,75,7,62,112,50,112
2017-891-d632-mf09,1:00:00,60,1,56,87,31,87
2017-891-sc73-l987,2:33:00,153,12,124,244,120,244
2017-891-kc04-e698,2:20:00,140,4,100,191,91,191
2017-891-mm58-mj08,1:37:00,97,8,76,139,63,139
2017-891-o376-rh16,1:19:00,79,5,71,129,58,129
2017-891-sc56-d923,1:02:00,62,2,69,110,41,110
2017-891-bf55-kc29,0:59:00,59,2,56,91,35,91
2017-891-ch27-m762,1:40:00,100,6,86,148,62,148
2017-891-kc04-ga94,1:38:00,98,2,83,152,69,152
2017-891-mf09-ta29,1:31:00,91,4,77,139,62,139
2017-891-ch27-z246,1:15:00,75,1,68,118,50,118
2017-891-kc29-mp13,2:19:00,139,6,115,218,103,218
2017-891-kc04-sf76,1:23:00,83,4,65,116,51,116
2017-891-ta29-bf98,1:01:00,61,4,59,98,39,98
2017-891-ga94-mi01,1:13:00,73,4,69,123,54,123
2017-891-m762-d916,0:53:00,53,6,58,88,30,88
2017-891-mf09-gb53,1:00:00,60,3,60,94,34,94
2017-891-bf55-cf01,1:10:00,70,2,65,110,45,110
2017-451-d643-v306,2:23:00,143,3,101,194,93,194
2017-451-mc10-ba47,1:41:00,101,10,72,130,58,130
2017-451-mc10-a479,2:10:00,130,5,89,168,79,168
2017-451-d643-mc10,2:54:00,174,2,102,194,92,194
2017-451-d643-s694,1:31:00,91,3,68,117,49,117
2017-451-v306-k336,1:23:00,83,2,69,125,56,125
2017-451-mc10-mi43,2:23:00,143,10,97,181,84,181
2017-451-ba47-t786,1:31:00,91,9,74,137,63,137
2017-451-d643-z184,1:12:00,72,4,61,101,40,101
2017-451-ba47-v708,1:45:00,105,13,85,163,78,163
2017-451-v306-gb88,1:42:00,102,6,82,155,73,155
2017-451-t786-ba65,0:45:00,45,12,54,83,29,83
2017-451-a479-k435,1:46:00,106,11,80,158,78,158
2017-451-k336-ke29,1:30:00,90,16,76,143,67,143
2017-451-s694-d981,1:19:00,79,0,66,117,51,117
2017-451-mc10-ca12,1:22:00,82,6,75,121,46,121
2017-451-d643-sl28,1:27:00,87,4,73,129,56,129
2017-451-gb88-h756,1:30:00,90,6,75,134,59,134
2017-451-ba47-g983,1:26:00,86,5,71,125,54,125
2017-451-k435-j267,1:43:00,103,4,83,152,69,152
2017-451-k336-me89,1:35:00,95,13,75,142,67,142
2017-451-s694-b837,1:54:00,114,2,81,154,73,154
2017-451-t786-kb54,1:27:00,87,9,78,133,55,133
2017-451-a479-l503,2:29:00,149,13,99,194,95,194
2017-451-ba65-bf23,1:46:00,106,7,94,177,83,177
2017-451-d981-sk47,2:23:00,143,6,106,212,106,212
2017-451-ke29-ac39,0:57:00,57,4,63,100,37,100
2017-451-mi43-m850,2:01:00,121,13,106,195,89,195
2017-451-v306-pd07,1:15:00,75,0,64,107,43,107
2017-451-v708-y152,1:05:00,65,13,65,106,41,106
2017-451-z184-mb02,2:38:00,158,9,122,237,115,237
2017-451-pd07-bg23,1:02:00,62,5,59,95,36,95
2017-451-s694-la93,1:02:00,62,6,58,92,34,92
2017-451-g983-be67,1:16:00,76,5,67,113,46,113
2017-451-sk47-me31,1:23:00,83,11,71,137,66,137
2017-451-bg23-v495,1:10:00,70,1,67,116,49,116
2017-451-s694-ga79,2:43:00,163,6,112,219,107,219
2017-451-be67-c582,1:34:00,94,2,71,140,69,140
2017-451-me31-f586,2:02:00,122,5,99,182,83,182
2017-451-la93-d864,1:02:00,62,12,62,109,47,109
2017-451-sk47-da81,1:43:00,103,7,82,148,66,148
2017-451-g983-z367,0:56:00,56,4,60,90,30,90
2017-451-pd07-ac23,0:53:00,53,5,56,89,33,89
2017-338-e687-tb69,2:02:00,122,1,91,175,84,175
2017-338-ma30-e687,1:29:00,89,12,72,131,59,131
2017-338-e687-kb54,1:50:00,110,2,86,156,70,156
2017-338-ma30-t840,1:30:00,90,16,67,131,64,131
2017-338-ma30-c882,1:37:00,97,17,75,145,70,145
2017-338-tb69-e698,2:40:00,160,5,118,221,103,221
2017-338-kb54-cd85,1:46:00,106,9,81,157,76,157
2017-338-c882-m873,1:47:00,107,9,81,155,74,155
2017-338-t840-l503,1:33:00,93,12,77,138,61,138
2017-338-cd85-z168,2:10:00,130,4,106,213,107,213
2017-338-k435-tc61,1:24:00,84,5,70,126,56,126
2017-338-ma30-bh98,1:43:00,103,22,90,160,70,160
2017-338-kb54-dh58,0:40:00,40,2,33,59,26,59
2017-338-e687-g710,1:43:00,103,5,75,146,71,146
2017-338-ma30-d801,2:07:00,127,14,98,196,98,196
2017-338-k435-f510,1:21:00,81,5,63,113,50,113
2017-338-kb54-k966,1:13:00,73,6,58,104,46,104
2017-338-g710-g725,2:37:00,157,5,116,211,95,211
2017-338-bh98-e831,1:44:00,104,17,83,160,77,160
2017-338-dh58-pd31,1:45:00,105,2,92,175,83,175
2017-338-e698-o483,2:25:00,145,11,117,214,97,214
2017-338-e687-mj08,1:43:00,103,3,83,159,76,159
2017-338-m873-bd20,1:21:00,81,6,68,115,47,115
2017-338-l503-mb02,2:33:00,153,9,111,219,108,219
2017-338-tc61-bg23,1:23:00,83,6,67,112,45,112
2017-338-z168-a479,1:10:00,70,12,63,110,47,110
2017-338-e698-bg23,1:51:00,111,7,89,166,77,166
2017-338-mj08-g725,1:01:00,61,8,58,92,34,92
2017-338-bh98-bk19,0:55:00,55,11,56,91,35,91
2017-338-o483-la93,1:22:00,82,8,70,127,57,127
2017-338-bk19-m850,0:13:00,13,0,5,15,10,15
2017-338-o483-me89,1:15:00,75,4,64,109,45,109
2017-338-e698-v495,1:58:00,118,7,90,169,79,169
2017-338-mj08-f586,2:39:00,159,11,117,230,113,230
2017-338-bh98-k926,1:34:00,94,16,80,151,71,151
2017-338-g725-w630,1:52:00,112,1,86,159,73,159
2017-338-la93-l987,1:02:00,62,6,63,107,44,107
2017-338-bg23-sc73,1:06:00,66,3,71,131,60,131
2017-301-sm25-sh90,1:56:00,116,13,95,173,78,173
2017-301-sm25-j386,1:11:00,71,2,56,109,53,109
2017-301-sh90-b837,1:13:00,73,3,63,107,44,107
2017-301-j386-i186,2:14:00,134,12,104,199,95,199
2017-301-sm25-ca12,2:10:00,130,12,115,218,103,218
2017-301-b837-v708,1:10:00,70,12,63,104,41,104
2017-301-sh90-h756,0:57:00,57,1,58,98,40,98
2017-301-i186-j267,1:57:00,117,22,95,182,87,182
2017-301-h756-f401,2:01:00,121,11,102,202,100,202
2017-301-j386-l575,1:28:00,88,5,65,125,60,125
2017-301-sm25-h940,2:06:00,126,11,99,192,93,192
2017-301-b837-ba65,2:06:00,126,12,114,224,110,224
2017-301-sh90-k964,1:13:00,73,3,63,109,46,109
2017-301-sh90-r772,1:28:00,88,3,65,113,48,113
2017-301-v708-sf89,2:23:00,143,15,103,195,92,195
2017-301-l397-v576,1:48:00,108,11,92,179,87,179
2017-301-b837-me82,1:37:00,97,7,72,133,61,133
2017-301-ba65-mp01,1:57:00,117,12,101,204,103,204
2017-301-j386-r612,1:25:00,85,11,72,129,57,129
2017-301-ca12-sd23,1:01:00,61,1,59,102,43,102
2017-301-h756-ta04,1:20:00,80,13,72,135,63,135
2017-301-h940-g476,1:05:00,65,9,63,100,37,100
2017-301-j267-sm37,1:33:00,93,3,75,137,62,137
2017-301-k964-bf23,2:15:00,135,14,112,205,93,205
2017-301-l575-ke29,2:39:00,159,6,115,228,113,228
2017-301-v708-z184,1:22:00,82,10,61,116,55,116
2017-301-k964-d916,2:22:00,142,11,99,194,95,194
2017-301-h940-sf89,1:16:00,76,6,69,119,50,119
2017-301-mp01-j397,1:25:00,85,4,78,139,61,139
2017-301-ta04-n771,0:54:00,54,1,61,100,39,100
2017-301-h940-m844,1:06:00,66,10,79,138,59,138
2017-301-d916-h788,1:11:00,71,3,67,119,52,119
2017-301-mp01-j361,0:45:00,45,3,54,79,25,79
2017-301-n771-d833,0:55:00,55,2,69,122,53,122
2017-301-j397-sh32,1:06:00,66,6,70,122,52,122
2017-301-k964-sl81,1:13:00,73,7,68,116,48,116
2017-301-sf89-pl36,1:22:00,82,4,71,121,50,121
2017-301-ta04-q019,1:44:00,104,5,78,156,78,156
2017-580-f324-n409,3:38:00,218,20,150,289,139,289
2017-580-f324-w367,3:05:00,185,11,142,278,136,278
2017-580-n409-r975,2:44:00,164,5,117,212,95,212
2017-580-n409-d875,4:56:00,296,8,186,365,179,365
2017-580-w367-t786,2:15:00,135,4,108,193,85,193
2017-580-d875-gb88,2:13:00,133,9,106,190,84,190
2017-580-z168-mc10,3:34:00,214,7,146,282,136,282
2017-580-f324-z168,1:32:00,92,9,100,176,76,176
2017-580-r975-bd06,2:49:00,169,33,128,240,112,240
2017-580-f324-n552,3:24:00,204,24,169,310,141,310
2017-580-w367-sa93,2:44:00,164,17,135,253,118,253
2017-580-n409-mc65,2:56:00,176,2,126,231,105,231
2017-580-t786-e687,2:53:00,173,17,145,265,120,265
2017-580-gb88-tb69,2:44:00,164,15,136,253,117,253
2017-580-d875-i165,2:25:00,145,7,116,202,86,202
2017-580-mc10-q927,1:59:00,119,8,97,173,76,173
2017-580-r975-sd32,2:35:00,155,20,117,221,104,221
2017-580-mc65-k435,1:56:00,116,9,93,177,84,177
2017-580-w367-t840,2:32:00,152,16,130,239,109,239
2017-580-n552-l797,2:11:00,131,5,103,182,79,182
2017-580-tb69-pd31,2:24:00,144,10,128,238,110,238
2017-580-n409-z355,4:06:00,246,11,173,322,149,322
2017-580-f324-ba47,1:30:00,90,8,85,151,66,151
2017-580-gb88-k336,1:28:00,88,3,85,144,59,144
2017-580-t786-sm25,3:33:00,213,24,170,321,151,321
2017-580-d875-g628,2:02:00,122,11,104,177,73,177
2017-580-bd06-f401,4:02:00,242,5,172,333,161,333
2017-580-e687-ta46,2:48:00,168,9,129,248,119,248
2017-580-i165-cd85,3:27:00,207,15,155,292,137,292
2017-580-sa93-d632,3:07:00,187,11,139,262,123,262
2017-580-z168-j267,2:21:00,141,7,119,211,92,211
2017-580-mc10-re44,1:37:00,97,9,83,134,51,134
2017-580-i165-d643,4:49:00,289,17,186,379,193,379
2017-580-r975-ma30,1:59:00,119,21,102,188,86,188
2017-580-w367-j386,1:51:00,111,12,101,181,80,181
2017-580-n552-ca12,2:06:00,126,2,102,182,80,182
2017-580-mc65-d801,1:57:00,117,20,116,215,99,215
2017-580-e687-c977,2:58:00,178,5,130,253,123,253
2017-580-tb69-tc61,2:44:00,164,12,134,236,102,236
2017-580-n409-b837,2:13:00,133,5,105,178,73,178
2017-580-ba47-h940,2:05:00,125,15,120,204,84,204
2017-580-gb88-s694,1:45:00,105,7,95,159,64,159
2017-580-t786-l987,1:46:00,106,15,97,164,67,164
2017-580-bd06-n732,2:09:00,129,9,111,195,84,195
2017-580-sa93-ke17,3:09:00,189,16,162,320,158,320
2017-580-d875-ch27,2:36:00,156,12,114,221,107,221
2017-580-g628-b884,1:45:00,105,2,91,143,52,143
2017-580-f324-rc96,2:04:00,124,18,118,214,96,214
2017-580-z168-i186,4:10:00,250,20,211,415,204,415
2017-580-k336-w630,2:01:00,121,19,101,184,83,184
2017-580-f401-e873,2:46:00,166,7,134,262,128,262
2017-580-sm25-ke29,2:15:00,135,8,119,218,99,218
2017-580-z355-td51,1:57:00,117,9,100,182,82,182
2017-580-sd32-sc73,1:36:00,96,3,90,148,58,148
2017-580-t840-l503,3:47:00,227,21,159,314,155,314
2017-580-ta46-e224,3:21:00,201,19,154,298,144,298
2017-580-cd85-e831,1:47:00,107,7,96,168,72,168
2017-580-k435-y124,1:51:00,111,3,104,170,66,170
2017-580-q927-,1:48:00,108,9,112,189,77,189
2017-580-d632-sm37,2:33:00,153,5,121,232,111,232
2017-580-j267-bk92,1:37:00,97,8,102,174,72,174
2017-580-mc10-me89,2:47:00,167,11,115,211,96,211
2017-580-pd31-f510,3:29:00,209,22,169,336,167,336
2017-580-l797-sc56,2:16:00,136,8,113,216,103,216
2017-580-d643-v306,2:20:00,140,2,115,200,85,200
2017-580-r975-ba65,1:33:00,93,18,98,172,74,172
2017-580-w367-k966,3:24:00,204,21,161,317,156,317
2017-580-mc65-v708,1:32:00,92,4,88,145,57,145
2017-580-n552-kb54,3:34:00,214,11,164,300,136,300
2017-580-tb69-sl28,2:54:00,174,12,137,272,135,272
2017-580-ba47-v495,0:40:00,40,2,33,50,17,50
2017-580-c977-j397,3:05:00,185,27,143,263,120,263
2017-580-n409-mb02,2:04:00,124,6,99,178,79,178
2017-580-gb88-o522,2:56:00,176,13,154,290,136,290
2017-580-t786-mj08,2:23:00,143,20,125,214,89,214
2017-580-bd06-pc11,1:24:00,84,7,85,127,42,127
2017-580-ke17-e698,1:25:00,85,9,85,131,46,131
2017-580-bk92-pf39,1:44:00,104,16,103,190,87,190
2017-580-d875-o483,2:02:00,122,15,110,191,81,191
2017-580-f324-m762,2:05:00,125,19,120,214,94,214
2017-580-g628-mm79,1:53:00,113,2,90,160,70,160
2017-580-k336-z184,5:15:00,315,76,234,450,216,450
2017-580-i186-k776,2:23:00,143,35,123,223,100,223
2017-580-f401-j553,1:26:00,86,4,83,135,52,135
2017-580-sm37-c882,1:22:00,82,6,94,152,58,152
2017-580-sm25-h996,2:13:00,133,10,110,209,99,209
2017-580-z355-h756,2:54:00,174,18,149,284,135,284
2017-580-sd32-mp01,1:51:00,111,2,95,160,65,160
2017-580-l797-r772,3:20:00,200,17,150,291,141,291
2017-580-f510-l397,2:03:00,123,5,122,214,92,214
2017-580-ta46-bd20,1:37:00,97,12,94,153,59,153
2017-580-t840-d923,2:47:00,167,14,137,266,129,266
2017-580-cd85-pb22,2:23:00,143,21,128,224,96,224
2017-580-q927-hb64,2:46:00,166,31,147,284,137,284
2017-580-b837-y061,1:05:00,65,5,50,85,35,85
2017-580-k435-bg23,2:32:00,152,12,131,251,120,251
2017-580-b884-a829,3:56:00,236,18,159,311,152,311
2017-580-ca12-a479,0:23:00,23,3,23,35,12,35
2017-580-d632-g940,2:11:00,131,3,113,206,93,206
2017-580-ch27-o376,1:45:00,105,4,88,149,61,149
2017-580-d801-cg80,2:57:00,177,15,139,266,127,266
2017-580-dh58-mi43,3:42:00,222,12,166,324,158,324
2017-580-e831-g725,1:50:00,110,12,95,163,68,163
2017-580-sc73-dc58,3:05:00,185,13,131,262,131,262
2017-580-e873-mm58,2:36:00,156,9,132,257,125,257
2017-580-e224-bh09,3:10:00,190,4,136,278,142,278
2017-580-h940-m873,2:03:00,123,8,98,172,74,172
2017-580-e687-bf23,1:56:00,116,14,107,182,75,182
2017-580-i165-d646,2:35:00,155,14,126,232,106,232
2017-580-j267-sc47,2:00:00,120,7,100,176,76,176
2017-580-j386-d874,2:00:00,120,17,97,165,68,165
2017-580-ke29-me82,2:45:00,165,32,138,267,129,267
2017-580-l987-r612,2:00:00,120,4,107,196,89,196
2017-580-l503-d994,3:16:00,196,10,145,283,138,283
2017-580-ma30-fb98,2:14:00,134,30,112,211,99,211
2017-580-n732-bi81,2:30:00,150,1,120,233,113,233
2017-580-pd31-h355,1:37:00,97,23,86,158,72,158
2017-580-rc96-f811,3:08:00,188,15,176,334,158,334
2017-580-re44-l575,2:50:00,170,19,137,259,122,259
2017-580-sc56-g710,2:34:00,154,1,125,225,100,225
2017-580-sa93-m850,3:05:00,185,33,160,307,147,307
2017-580-s694-t315,1:59:00,119,15,107,186,79,186
2017-580-tc61-sh90,3:21:00,201,21,149,278,129,278
2017-580-w630-pg32,2:25:00,145,12,119,219,100,219
2017-580-td51-k926,2:37:00,157,13,124,225,101,225
2017-580-y124-f586,2:30:00,150,8,123,232,109,232
2017-580-z168-g476,2:22:00,142,8,107,199,92,199
2017-580-f811-mi01,2:06:00,126,5,100,201,101,201
2017-580-s694-sj55,1:19:00,79,3,65,120,55,120
2017-580-td51-sf62,1:44:00,104,6,87,162,75,162
2017-580-l797-kb09,1:11:00,71,6,63,109,46,109
2017-580-rc96-d864,1:02:00,62,3,65,110,45,110
2017-580-m762-r548,1:32:00,92,4,88,165,77,165
2017-580-e873-bf55,2:05:00,125,7,101,191,90,191
2017-580-re44-pb22,2:10:00,130,5,99,189,90,189
2017-580-sc47-ta29,2:11:00,131,4,104,203,99,203
2017-580-f586-g602,1:47:00,107,3,80,153,73,153
2017-580-bi81-b747,1:18:00,78,13,65,124,59,124
2017-580-bk92-le01,2:18:00,138,13,117,229,112,229
2017-580-mm79-mg47,2:33:00,153,1,110,213,103,213
2017-580-o522-rh16,1:13:00,73,16,72,125,53,125
2017-580-d646-w571,1:21:00,81,6,70,123,53,123
2017-580-v495-sk67,2:26:00,146,11,109,211,102,211
2017-580-s694-k834,2:41:00,161,8,114,218,104,218
2017-580-td51-ra82,1:10:00,70,4,64,106,42,106
2017-580-re44-se73,1:31:00,91,10,81,154,73,154
2017-580-f811-te51,1:41:00,101,2,87,153,66,153
2017-580-l797-g585,1:52:00,112,4,89,158,69,158
2017-580-d864-e690,1:57:00,117,4,99,192,93,192
2017-580-m762-da81,1:08:00,68,1,60,105,45,105
2017-580-mm79-k839,1:15:00,75,6,69,122,53,122
2017-580-r548-a853,2:07:00,127,10,102,187,85,187
2017-580-kb09-kc86,2:06:00,126,7,103,201,98,201
2017-580-e873-i230,0:59:00,59,2,54,89,35,89
2017-580-pb22-be67,1:04:00,64,6,61,107,46,107
2017-580-sf62-sk47,1:03:00,63,5,60,109,49,109
2017-580-sc47-mb53,2:18:00,138,2,97,196,99,196
2017-580-b747-cc32,1:06:00,66,9,63,103,40,103
2017-580-mg47-me31,1:26:00,86,5,67,121,54,121
2017-580-f586-sq80,1:53:00,113,3,90,174,84,174
2017-580-rc96-cf59,1:52:00,112,5,88,173,85,173
2017-580-bf55-kd70,1:08:00,68,8,61,108,47,108
2017-580-bi81-bc65,1:29:00,89,10,87,163,76,163
2017-580-bk92-cg33,1:47:00,107,20,102,197,95,197
2017-580-d646-db63,1:50:00,110,7,76,146,70,146
2017-580-g602-ka46,1:31:00,91,1,78,142,64,142
2017-580-le01-mn44,2:07:00,127,7,107,190,83,190
2017-580-mi01-i236,1:59:00,119,1,96,183,87,183
2017-580-o522-kc12,1:27:00,87,21,78,145,67,145
2017-580-rh16-e678,1:45:00,105,3,80,156,76,156
2017-580-sk67-u134,2:32:00,152,7,111,232,121,232
2017-580-sj55-d750,1:02:00,62,2,58,110,52,110
2017-580-ta29-g967,0:27:00,27,1,28,43,15,43
2017-580-v495-sl07,1:58:00,118,12,92,174,82,174
2017-580-s694-bh02,2:20:00,140,2,100,188,88,188
2017-580-w571-z246,1:00:00,60,1,58,98,40,98
2017-580-td51-cf01,2:15:00,135,5,97,195,98,195
2017-580-ta29-kc04,1:06:00,66,3,63,108,45,108
2017-580-se73-pg94,0:57:00,57,6,60,95,35,95
2017-580-le01-kc29,2:41:00,161,9,117,225,108,225
2017-580-f811-z189,1:24:00,84,8,79,143,64,143
2017-580-bf55-ke64,1:11:00,71,0,67,116,49,116
2017-580-z246-b896,2:50:00,170,12,131,259,128,259
2017-580-g602-sg64,2:17:00,137,7,105,201,96,201
2017-580-l797-j400,1:06:00,66,6,66,117,51,117
2017-580-d864-pg20,2:07:00,127,9,113,214,101,214
2017-580-sk67-g983,1:48:00,108,7,84,161,77,161
2017-580-da81-sf41,1:40:00,100,4,75,140,65,140
2017-580-k839-n674,1:31:00,91,6,85,159,74,159
2017-580-kc12-c582,1:55:00,115,11,82,163,81,163
2017-580-bi81-ca99,2:13:00,133,10,114,216,102,216
2017-580-bk92-d981,1:58:00,118,10,117,222,105,222
2017-580-kb09-sm09,1:31:00,91,3,79,142,63,142
2017-580-i236-pd07,1:51:00,111,11,88,177,89,177
2017-580-r548-i305,1:26:00,86,1,73,138,65,138
2017-580-e873-mn13,1:33:00,93,4,89,170,81,170
2017-580-pb22-lc11,1:06:00,66,4,63,108,45,108
2017-580-sl07-l949,1:02:00,62,8,59,103,44,103
2017-580-db63-mf35,0:55:00,55,2,55,89,34,89
2017-580-sf62-sh91,1:11:00,71,8,63,107,44,107
2017-580-b747-mm66,1:11:00,71,5,61,105,44,105
2017-580-d750-gb93,2:26:00,146,16,116,225,109,225
2017-580-sc47-be54,1:26:00,86,2,73,142,69,142
2017-580-rh16-g681,1:18:00,78,5,66,123,57,123
2017-580-me31-bh76,1:03:00,63,1,64,109,45,109
2017-580-f586-ka98,2:10:00,130,4,105,197,92,197
2017-580-cf59-me05,1:23:00,83,6,72,127,55,127
2017-580-a853-j0a6,0:56:00,56,2,62,92,30,92
2017-580-bc65-sf76,1:15:00,75,2,69,127,58,127
2017-580-be67-ga79,1:55:00,115,14,94,171,77,171
2017-580-cc32-mf90,1:00:00,60,3,61,101,40,101
2017-580-cg33-sl08,1:10:00,70,5,68,117,49,117
2017-580-e690-g806,0:45:00,45,3,58,86,28,86
2017-580-d646-w471,1:05:00,65,5,64,100,36,100
2017-580-e678-bk19,1:30:00,90,4,68,140,72,140
2017-580-g967-me64,0:41:00,41,8,56,81,25,81
2017-580-i230-mn20,1:37:00,97,3,74,142,68,142
2017-580-g585-la93,1:36:00,96,7,82,156,74,156
2017-580-k834-da67,0:47:00,47,2,48,77,29,77
2017-580-ka46-ba23,1:27:00,87,2,78,146,68,146
2017-580-kc86-h896,0:52:00,52,2,57,90,33,90
2017-580-kd70-kh56,1:50:00,110,8,96,176,80,176
2017-580-mg47-ph42,1:48:00,108,11,85,157,72,157
2017-580-m762-da86,1:38:00,98,10,89,165,76,165
2017-580-mi01-bj05,0:58:00,58,1,66,111,45,111
2017-580-mm79-k596,0:48:00,48,5,55,86,31,86
2017-580-mb53-bc72,1:57:00,117,8,98,191,93,191
2017-580-mn44-f724,1:44:00,104,7,91,169,78,169
2017-580-rc96-sk94,2:07:00,127,2,107,199,92,199
2017-580-o522-n679,1:09:00,69,25,66,122,56,122
2017-580-ra82-d916,2:02:00,122,4,94,185,91,185
2017-580-sk47-s483,1:30:00,90,4,76,146,70,146
2017-580-re44-ph71,2:01:00,121,8,113,209,96,209
2017-580-sq80-y218,1:31:00,91,4,76,142,66,142
2017-580-sj55-v620,1:19:00,79,9,71,130,59,130
2017-580-te51-v784,0:48:00,48,9,59,90,31,90
2017-580-u134-tc11,1:38:00,98,6,86,158,72,158
2017-580-w571-bh87,0:54:00,54,4,57,93,36,93
2017-580-v495-gb53,2:08:00,128,7,102,190,88,190
2017-375-t786-mm58,1:07:00,67,7,63,106,43,106
2017-375-z355-t786,2:20:00,140,6,109,203,94,203
2017-375-z355-g628,1:28:00,88,8,70,133,63,133
2017-375-g628-pd31,1:09:00,69,3,65,106,41,106
2017-375-z355-ca12,1:39:00,99,13,88,162,74,162
2017-375-g628-d750,2:17:00,137,3,104,200,96,200
2017-375-ba65-c977,1:01:00,61,8,56,103,47,103
2017-375-pd31-ba65,0:22:00,22,3,12,20,8,20
2017-375-t786-h996,0:45:00,45,7,51,76,25,76
2017-375-g628-j267,1:20:00,80,3,70,123,53,123
2017-375-pd31-l397,1:31:00,91,14,89,164,75,164
2017-375-z355-bh09,2:03:00,123,10,101,200,99,200
2017-375-mm58-v306,1:01:00,61,8,61,105,44,105
2017-375-ca12-m850,1:52:00,112,15,91,168,77,168
2017-375-l397-b747,2:08:00,128,16,107,197,90,197
2017-375-d750-me89,1:55:00,115,7,89,171,82,171
2017-375-d750-z168,1:00:00,60,3,61,104,43,104
2017-375-ca12-g710,1:38:00,98,4,85,153,68,153
2017-375-v306-bk24,0:54:00,54,0,59,90,31,90
2017-375-bh09-cg80,1:54:00,114,12,93,173,80,173
2017-375-ba65-g476,1:24:00,84,11,76,143,67,143
2017-375-h996-hb48,1:21:00,81,14,75,135,60,135
2017-375-j267-lc11,2:15:00,135,8,107,217,110,217
2017-375-me89-hb64,1:16:00,76,4,67,125,58,125
2017-375-m850-me31,1:54:00,114,2,93,175,82,175
2017-375-mm58-k839,1:18:00,78,8,71,132,61,132
2017-375-b747-n679,2:09:00,129,18,102,207,105,207
2017-375-pd31-ke29,1:18:00,78,10,70,138,68,138
2017-375-d750-bk24,1:15:00,75,8,76,132,56,132
2017-375-hb48-me31,1:19:00,79,11,68,127,59,127
2017-375-lc11-e678,2:24:00,144,3,114,225,111,225
2017-375-b747-me04,1:09:00,69,15,66,120,54,120
2017-375-me31-mw02,1:16:00,76,1,70,124,54,124
2017-375-d750-kc56,1:39:00,99,7,83,152,69,152
2017-375-e678-m824,1:14:00,74,8,69,131,62,131
2017-375-hb48-la93,0:56:00,56,4,58,101,43,101
2017-375-n679-sd46,0:45:00,45,10,59,91,32,91
2017-375-bk24-j400,1:00:00,60,1,68,119,51,119
2017-375-lc11-sh91,1:16:00,76,9,71,119,48,119
2017-7161-e224-bd20,2:05:00,125,4,92,177,85,177
2017-7161-r772-cf59,2:55:00,175,4,111,218,107,218
2017-7161-e224-l503,2:34:00,154,4,111,215,104,215
2017-7161-l503-r772,1:13:00,73,5,60,97,37,97
2017-7161-l503-r548,1:07:00,67,6,56,101,45,101
2017-7161-bd20-o376,0:54:00,54,6,56,77,21,77
2017-7161-e224-gb53,1:19:00,79,6,64,120,56,120
2017-7161-r772-f444,1:28:00,88,2,72,128,56,128
2017-7161-l503-e690,1:06:00,66,5,57,106,49,106
2017-7161-bd20-t742,2:11:00,131,9,100,189,89,189
2017-7161-e224-k336,2:12:00,132,3,108,220,112,220
2017-7161-o376-g725,1:48:00,108,4,85,163,78,163
2017-7161-cf59-l430,1:23:00,83,0,60,112,52,112
2017-7161-gb53-mi43,2:30:00,150,11,118,221,103,221
2017-7161-r548-kc29,1:19:00,79,5,72,129,57,129
2017-7161-r548-d801,1:49:00,109,13,99,201,102,201
2017-7161-mi43-z184,2:22:00,142,14,105,199,94,199
2017-7161-l430-mj08,1:06:00,66,7,62,103,41,103
2017-7161-o376-ga36,2:25:00,145,5,110,210,100,210
2017-7161-cf59-sc73,1:16:00,76,8,62,107,45,107
2017-7161-e690-v620,1:37:00,97,12,89,172,83,172
2017-7161-e224-mf35,1:53:00,113,1,88,163,75,163
2017-7161-f444-g983,1:26:00,86,2,77,143,66,143
2017-7161-gb53-sg64,2:20:00,140,11,99,195,96,195
2017-7161-g725-b896,1:10:00,70,3,62,114,52,114
2017-7161-kc29-a887,1:52:00,112,4,89,169,80,169
2017-7161-t742-g676,0:21:00,21,0,20,31,11,31
2017-7161-cf59-sl07,2:11:00,131,12,98,184,86,184
2017-7161-gb53-cf01,2:32:00,152,11,123,241,118,241
2017-7161-v620-si36,1:42:00,102,5,82,163,81,163
2017-7161-f444-z198,1:33:00,93,3,75,140,65,140
2017-7161-cf59-me56,1:25:00,85,5,65,120,55,120
2017-7161-f444-r383,2:02:00,122,8,97,185,88,185
2017-7161-gb53-ge33,1:51:00,111,5,98,184,86,184
2017-7161-v620-pl95,0:57:00,57,4,60,95,35,95
2017-7161-cf01-cc32,1:57:00,117,18,97,210,113,210
2017-7161-sl07-pg69,1:22:00,82,5,76,138,62,138
2017-7161-si36-mb53,1:31:00,91,20,78,139,61,139
2017-7161-z198-cc66,1:11:00,71,2,64,113,49,113
2017-7434-d875-bg23,1:04:00,64,9,65,109,44,109
2017-7434-gb88-d632,1:14:00,74,6,69,117,48,117
2017-7434-d875-gb88,1:39:00,99,10,80,149,69,149
2017-7434-gb88-bd06,2:44:00,164,12,111,226,115,226
2017-7434-d875-t840,1:05:00,65,7,63,107,44,107
2017-7434-bd06-ma30,1:42:00,102,10,85,157,72,157
2017-7434-bg23-tb69,1:18:00,78,2,66,125,59,125
2017-7434-bg23-k966,1:57:00,117,3,87,169,82,169
2017-7434-gb88-a829,1:58:00,118,11,102,178,76,178
2017-7434-d875-j397,2:02:00,122,15,99,192,93,192
2017-7434-bd06-sk94,1:36:00,96,2,76,136,60,136
2017-7434-ma30-y061,1:22:00,82,10,70,129,59,129
2017-7434-k966-bc72,1:27:00,87,2,79,145,66,145
2017-7434-d632-sa93,1:27:00,87,4,77,139,62,139
2017-7434-ma30-bk19,1:23:00,83,17,66,116,50,116
2017-7434-t840-h756,1:55:00,115,17,91,191,100,191
2017-7434-k966-kb54,1:14:00,74,3,67,114,47,114
2017-7434-t840-i306,0:50:00,50,5,57,96,39,96
2017-7434-bg23-me82,1:35:00,95,4,82,161,79,161
2017-7434-a829-li39,1:14:00,74,4,73,125,52,125
2017-7434-bc72-c582,2:15:00,135,17,112,216,104,216
2017-7434-h756-kc33,1:08:00,68,5,64,110,46,110
2017-7434-j397-sc56,1:06:00,66,10,63,114,51,114
2017-7434-d632-mn13,1:24:00,84,1,79,146,67,146
2017-7434-sa93-d923,1:55:00,115,7,94,189,95,189
2017-7434-sk94-g681,1:38:00,98,1,81,144,63,144
2017-7434-y061-tc11,1:29:00,89,8,74,136,62,136
2017-7434-bc72-g681,2:01:00,121,14,93,189,96,189
2017-7434-mn13-tc11,1:21:00,81,7,79,145,66,145
2017-7434-bk19-kb05,1:33:00,93,14,78,147,69,147
2017-7434-g681-mn20,2:16:00,136,8,110,212,102,212
2017-7434-sk94-z246,1:29:00,89,3,75,133,58,133
2017-7434-sk94-d916,1:32:00,92,4,82,147,65,147
2017-7434-mn13-a0ab,0:37:00,37,5,53,74,21,74
2017-7434-bk19-sd78,1:38:00,98,16,92,174,82,174
2017-7434-kb05-mi01,1:14:00,74,4,68,124,56,124
2017-7434-z246-te51,1:07:00,67,4,59,104,45,104
2017-7434-bc72-mg08,1:42:00,102,11,101,188,87,188
2017-7434-tc11-ad04,1:06:00,66,4,65,109,44,109
2017-506-d801-cd85,1:09:00,69,10,68,122,54,122
2017-506-n552-b884,2:43:00,163,3,104,198,94,198
2017-506-d801-n552,1:41:00,101,4,81,153,72,153
2017-506-n552-sh90,1:13:00,73,1,61,104,43,104
2017-506-d801-mi43,1:22:00,82,9,66,118,52,118
2017-506-cd85-r772,2:12:00,132,5,95,186,91,186
2017-506-b884-mj08,1:59:00,119,10,79,148,69,148
2017-506-n552-sm37,2:05:00,125,3,94,173,79,173
2017-506-b884-f401,1:26:00,86,1,61,108,47,108
2017-506-cd85-g983,1:55:00,115,4,96,172,76,172
2017-506-d801-c882,1:17:00,77,8,66,127,61,127
2017-506-r772-md56,2:24:00,144,3,91,176,85,176
2017-506-sh90-d874,1:23:00,83,5,69,124,55,124
2017-506-mi43-a887,1:34:00,94,5,66,123,57,123
2017-506-mj08-r419,1:24:00,84,2,69,126,57,126
2017-506-r772-pc11,3:12:00,192,3,127,253,126,253
2017-506-sh90-z184,1:19:00,79,6,71,121,50,121
2017-506-r419-f510,1:14:00,74,2,63,116,53,116
2017-506-mi43-l503,1:34:00,94,6,71,130,59,130
2017-506-a887-o376,2:24:00,144,1,105,205,100,205
2017-506-b884-kc04,1:48:00,108,2,76,142,66,142
2017-506-d801-t742,1:12:00,72,3,67,120,53,120
2017-506-d874-r612,1:02:00,62,2,61,102,41,102
2017-506-g983-sc73,2:51:00,171,3,115,231,116,231
2017-506-md56-e698,2:13:00,133,5,89,169,80,169
2017-506-mj08-e224,0:50:00,50,0,56,80,24,80
2017-506-sm37-bf23,1:08:00,68,4,62,102,40,102
2017-506-sc73-sg64,1:07:00,67,6,62,98,36,98
2017-506-g983-l987,1:41:00,101,2,79,143,64,143
2017-506-kc04-r383,2:07:00,127,7,88,171,83,171
2017-506-a887-g585,1:30:00,90,0,59,97,38,97
2017-506-l987-ba98,1:09:00,69,4,60,101,41,101
2017-506-sc73-ce77,1:09:00,69,4,63,100,37,100
2017-506-g585-kc29,2:06:00,126,2,83,161,78,161
2017-506-kc04-mf35,0:25:00,25,0,22,35,13,35
2017-506-a887-pj32,1:36:00,96,7,70,128,58,128
2017-506-g983-cf59,1:52:00,112,0,84,158,74,158
2017-506-r383-d981,1:09:00,69,7,61,107,46,107
2017-506-sg64-cf01,1:37:00,97,1,82,148,66,148
2017-402-h940-bg23,1:17:00,77,9,65,114,49,114
2017-402-h940-y124,1:30:00,90,5,66,124,58,124
2017-402-bg23-k926,1:47:00,107,5,82,145,63,145
2017-402-y124-i186,2:26:00,146,3,100,213,113,213
2017-402-k926-j386,1:11:00,71,5,59,95,36,95
2017-402-bg23-e690,1:44:00,104,5,91,172,81,172
2017-402-h940-d923,1:19:00,79,6,64,116,52,116
2017-402-i186-n732,1:49:00,109,26,91,170,79,170
2017-402-h940-q927,0:54:00,54,4,59,94,35,94
2017-402-j386-sf62,1:58:00,118,8,89,169,80,169
2017-402-bg23-k336,1:10:00,70,4,67,116,49,116
2017-402-e690-fb98,1:42:00,102,2,92,167,75,167
2017-402-d923-d632,1:36:00,96,1,76,144,68,144
2017-402-k926-kc86,1:11:00,71,3,57,88,31,88
2017-402-y124-o522,1:12:00,72,5,71,126,55,126
2017-402-kc86-ta46,1:07:00,67,4,63,112,49,112
2017-402-y124-me82,2:43:00,163,6,121,247,126,247
2017-402-d632-a829,2:14:00,134,14,95,183,88,183
2017-402-fb98-l575,2:09:00,129,12,99,211,112,211
2017-402-bg23-tc61,1:05:00,65,2,62,102,40,102
2017-402-d923-a678,2:37:00,157,3,120,237,117,237
2017-402-e690-pb22,2:25:00,145,4,121,227,106,227
2017-402-h940-k776,1:26:00,86,9,66,124,58,124
2017-402-k926-b896,1:14:00,74,1,60,111,51,111
2017-402-n732-g476,1:33:00,93,1,71,127,56,127
2017-402-o522-dc58,1:10:00,70,15,60,105,45,105
2017-402-sf62-td51,2:11:00,131,8,101,191,90,191
2017-402-pb22-bh98,0:56:00,56,5,62,100,38,100
2017-402-kc86-i230,0:51:00,51,2,41,61,20,61
2017-402-e690-ba23,1:24:00,84,11,74,134,60,134
2017-402-pb22-n480,1:04:00,64,10,66,116,50,116
2017-402-b896-mf09,1:20:00,80,9,69,129,60,129
2017-402-e690-kb09,1:49:00,109,3,96,181,85,181
2017-402-kc86-wb14,1:14:00,74,1,61,106,45,106
2017-402-ba23-y218,1:24:00,84,2,66,124,58,124
2017-402-sf62-l580,0:52:00,52,8,67,107,40,107
2017-402-bh98-pl56,1:46:00,106,15,95,188,93,188
2017-402-i230-mg47,2:16:00,136,2,96,179,83,179
2017-407-gb88-h996,1:15:00,75,1,67,118,51,118
2017-407-t786-gb88,1:56:00,116,10,89,167,78,167
2017-407-t786-c977,2:01:00,121,12,85,167,82,167
2017-407-h996-tb69,1:23:00,83,8,76,133,57,133
2017-407-gb88-d875,2:16:00,136,3,100,198,98,198
2017-407-ba47-k966,0:59:00,59,3,55,87,32,87
2017-407-t786-ba47,1:13:00,73,10,64,110,46,110
2017-407-c977-cg80,1:58:00,118,11,89,167,78,167
2017-407-gb88-h756,2:12:00,132,4,103,198,95,198
2017-407-tb69-sd32,1:36:00,96,5,67,135,68,135
2017-407-ba47-g628,1:19:00,79,10,67,111,44,111
2017-407-t786-ma30,1:01:00,61,4,55,92,37,92
2017-407-d875-i165,1:33:00,93,6,76,133,57,133
2017-407-h996-d864,1:39:00,99,11,81,149,68,149
2017-407-k966-k435,1:54:00,114,3,97,182,85,182
2017-407-tb69-z355,1:44:00,104,6,85,164,79,164
2017-407-c977-pd31,2:04:00,124,13,105,192,87,192
2017-407-gb88-kb54,1:10:00,70,6,63,110,47,110
2017-407-ba47-ca99,1:35:00,95,11,74,141,67,141
2017-407-d875-z168,1:54:00,114,11,111,201,90,201
2017-407-t786-te51,1:29:00,89,4,69,128,59,128
2017-407-k435-pf39,1:13:00,73,3,66,117,51,117
2017-407-cg80-ke29,2:16:00,136,4,94,181,87,181
2017-407-d864-g710,1:20:00,80,6,70,125,55,125
2017-407-g628-t840,1:15:00,75,1,62,106,44,106
2017-407-h756-mb02,1:39:00,99,12,97,185,88,185
2017-407-h996-l397,1:51:00,111,13,80,162,82,162
2017-407-i165-bh09,1:25:00,85,2,73,129,56,129
2017-407-k966-v306,1:36:00,96,2,73,147,74,147
2017-407-ma30-gj37,0:55:00,55,14,54,83,29,83
2017-407-sd32-m873,2:20:00,140,9,93,185,92,185
2017-407-ca99-sl28,1:02:00,62,12,60,107,47,107
2017-407-bh09-i165,1:30:00,90,5,72,135,63,135
2017-407-h996-v812,1:41:00,101,7,91,168,77,168
2017-407-d864-g858,2:45:00,165,8,127,250,123,250
2017-407-sl28-m824,0:37:00,37,7,54,80,26,80
2017-407-d864-y061,0:45:00,45,2,44,71,27,71
2017-407-h996-be54,2:19:00,139,15,126,234,108,234
2017-407-g858-sc77,2:17:00,137,17,119,225,106,225
2017-407-bh09-le38,1:19:00,79,6,66,111,45,111
2017-407-v812-re44,1:47:00,107,4,85,173,88,173
2017-407-ca99-k839,2:12:00,132,14,109,211,102,211
2017-499-sm25-y124,1:32:00,92,7,76,139,63,139
2017-499-r975-d683,1:47:00,107,17,79,144,65,144
2017-499-r975-e831,1:39:00,99,10,81,152,71,152
2017-499-sm25-j386,1:30:00,90,7,70,135,65,135
2017-499-sm25-g476,1:21:00,81,4,68,117,49,117
2017-499-d683-q927,1:33:00,93,8,69,133,64,133
2017-499-r975-cg80,1:34:00,94,12,72,129,57,129
2017-499-q927-dc58,1:00:00,60,13,60,97,37,97
2017-499-j386-n732,1:09:00,69,4,58,98,40,98
2017-499-d683-d923,2:24:00,144,9,107,202,95,202
2017-499-d632-bg23,1:29:00,89,6,83,153,70,153
2017-499-e831-l575,1:43:00,103,9,82,153,71,153
2017-499-y124-fb98,1:57:00,117,5,92,187,95,187
2017-499-r975-sf62,0:56:00,56,10,55,91,36,91
2017-499-y124-k336,1:30:00,90,2,75,146,71,146
2017-499-sm25-a829,1:24:00,84,8,72,132,60,132
2017-499-q927-sc56,0:53:00,53,1,48,84,36,84
2017-499-j386-ke64,1:17:00,77,7,64,114,50,114
2017-499-d632-ta46,1:30:00,90,5,81,150,69,150
2017-499-d683-a678,1:26:00,86,5,60,113,53,113
2017-499-bg23-h355,2:14:00,134,6,113,219,106,219
2017-499-e831-me82,1:16:00,76,5,65,109,44,109
2017-499-cg80-g725,1:09:00,69,8,60,106,46,106
2017-499-dc58-k926,2:26:00,146,12,111,225,114,225
2017-499-d923-k776,1:04:00,64,1,61,105,44,105
2017-499-g476-ba65,1:01:00,61,3,62,110,48,110
2017-499-fb98-sq80,1:07:00,67,4,62,113,51,113
2017-499-l575-f811,2:11:00,131,10,107,205,98,205
2017-499-n732-cg33,1:08:00,68,2,58,99,41,99
2017-499-d632-kc86,1:19:00,79,6,66,113,47,113
2017-499-cg33-ch27,1:43:00,103,8,91,168,77,168
2017-499-sf62-pd07,1:08:00,68,7,58,92,34,92
2017-499-sq80-b896,0:51:00,51,6,55,87,32,87
2017-499-d632-gc88,0:45:00,45,4,52,77,25,77
2017-499-ch27-n729,0:52:00,52,5,54,79,25,79
2017-499-pd07-k0af,1:01:00,61,8,61,98,37,98
2017-499-sq80-k839,1:20:00,80,7,74,131,57,131
2017-499-cg33-r548,2:13:00,133,15,112,216,104,216
2017-499-sf62-pb22,0:59:00,59,2,58,92,34,92
2017-499-b896-bc68,1:50:00,110,11,96,173,77,173
2017-499-kc86-y218,1:12:00,72,1,63,110,47,110
2017-496-t786-ke17,2:12:00,132,7,97,194,97,194
2017-496-t786-pf39,1:09:00,69,7,61,104,43,104
2017-496-pf39-g628,1:31:00,91,12,75,137,62,137
2017-496-g628-mc65,2:16:00,136,2,108,203,95,203
2017-496-ke17-gb93,0:58:00,58,15,70,116,46,116
2017-496-t786-sd32,1:15:00,75,8,61,105,44,105
2017-496-pf39-mm58,1:32:00,92,15,87,158,71,158
2017-496-mc65-sc77,0:57:00,57,8,56,91,35,91
2017-496-t786-me89,1:21:00,81,9,66,118,52,118
2017-496-ke17-j267,0:59:00,59,12,60,98,38,98
2017-496-pf39-bh09,1:25:00,85,16,73,135,62,135
2017-496-g628-y061,1:24:00,84,8,72,125,53,125
2017-496-sd32-b747,2:01:00,121,7,90,168,78,168
2017-496-gb93-m873,2:36:00,156,12,118,237,119,237
2017-496-mm58-sl28,1:43:00,103,6,86,174,88,174
2017-496-m873-z355,1:32:00,92,4,72,144,72,144
2017-496-g628-h756,1:53:00,113,4,93,169,76,169
2017-496-sd32-ke29,1:55:00,115,7,93,174,81,174
2017-496-mm58-pd31,2:25:00,145,6,124,249,125,249
2017-496-bh09-m850,1:34:00,94,20,81,148,67,148
2017-496-j267-kb54,1:10:00,70,2,60,109,49,109
2017-496-gb93-d864,1:05:00,65,5,68,108,40,108
2017-496-b747-su55,1:13:00,73,5,72,120,48,120
2017-496-me89-re44,1:37:00,97,6,77,137,60,137
2017-496-sl28-ca12,1:08:00,68,10,70,127,57,127
2017-496-y061-te51,2:11:00,131,3,103,190,87,190
2017-496-sc77-v708,1:06:00,66,6,62,110,48,110
2017-496-sc77-f586,2:16:00,136,13,104,201,97,201
2017-496-d864-r685,1:31:00,91,9,86,158,72,158
2017-496-re44-m824,0:53:00,53,14,65,108,43,108
2017-496-gb93-me31,1:22:00,82,3,74,134,60,134
2017-496-sc77-d916,1:30:00,90,5,74,136,62,136
2017-496-re44-sk67,1:37:00,97,7,87,161,74,161
2017-496-d864-hb35,0:52:00,52,7,54,84,30,84
2017-496-gb93-la93,2:30:00,150,14,125,239,114,239
2017-496-f586-m762,2:14:00,134,6,102,200,98,200
2017-496-me31-cd00,1:59:00,119,3,102,187,85,187
2017-496-r685-e678,1:06:00,66,5,67,120,53,120
2017-496-m824-f724,1:31:00,91,0,71,154,83,154
2017-6932-cd85-rh16,1:57:00,117,3,93,177,84,177
2017-6932-tb69-cd85,1:34:00,94,7,70,129,59,129
2017-6932-tb69-sm37,1:16:00,76,2,64,108,44,108
2017-6932-tb69-r772,1:22:00,82,2,63,111,48,111
2017-6932-cd85-d801,1:53:00,113,6,90,179,89,179
2017-6932-r772-kc29,1:15:00,75,7,55,97,42,97
2017-6932-tb69-l987,1:18:00,78,0,65,115,50,115
2017-6932-rh16-mj08,1:23:00,83,7,68,123,55,123
2017-6932-cd85-e224,1:43:00,103,4,78,144,66,144
2017-6932-kc29-d981,1:18:00,78,3,60,106,46,106
2017-6932-r772-f510,1:19:00,79,4,61,106,45,106
2017-6932-d801-z184,2:16:00,136,13,101,193,92,193
2017-6932-rh16-cf59,2:45:00,165,10,117,229,112,229
2017-6932-sm37-d874,1:50:00,110,2,88,157,69,157
2017-6932-mj08-bd20,2:18:00,138,8,89,179,90,179
2017-6932-bd20-n552,1:19:00,79,3,60,110,50,110
2017-6932-tb69-t742,1:35:00,95,7,71,125,54,125
2017-6932-d981-c882,2:15:00,135,3,96,188,92,188
2017-6932-r772-r612,1:02:00,62,2,57,86,29,86
2017-6932-cd85-sg64,1:02:00,62,1,60,94,34,94
2017-6932-d801-f401,1:22:00,82,5,67,125,58,125
2017-6932-d874-l503,2:14:00,134,3,93,175,82,175
2017-6932-cf59-sh90,1:07:00,67,1,61,93,32,93
2017-6932-e224-pc11,1:37:00,97,2,73,131,58,131
2017-6932-f510-r419,1:19:00,79,1,64,106,42,106
2017-6932-kc29-cf01,1:25:00,85,2,66,112,46,112
2017-6932-l987-bf23,1:29:00,89,2,66,119,53,119
2017-6932-mj08-e698,2:25:00,145,1,93,184,91,184
2017-6932-rh16-sc73,1:26:00,86,4,65,123,58,123
2017-6932-z184-b884,1:26:00,86,1,62,109,47,109
2017-6932-sm37-o376,2:23:00,143,2,105,199,94,199
2017-6932-d981-e224,1:42:00,102,0,72,139,67,139
2017-6932-cf59-cc32,2:12:00,132,5,77,152,75,152
2017-6932-kc29-a887,1:56:00,116,3,71,134,63,134
2017-6932-cf01-da81,1:07:00,67,3,56,90,34,90
2017-6932-e224-r383,1:26:00,86,1,65,117,52,117
2017-6932-kc29-gd64,1:47:00,107,7,81,157,76,157
2017-6932-cc32-kc04,0:19:00,19,0,23,32,9,32
2017-6932-da81-gb53,1:44:00,104,1,67,126,59,126
2017-6932-cf01-g983,3:05:00,185,3,124,237,113,237
2017-6932-cf59-mw75,1:58:00,118,3,95,161,66,161
2017-6932-d981-sk69,1:36:00,96,2,74,132,58,132
2017-6932-a887-lf26,2:18:00,138,5,89,168,79,168
2017-807-q927-n409,1:34:00,94,19,75,136,61,136
2017-807-n409-c977,1:25:00,85,3,62,104,42,104
2017-807-ke17-d643,1:47:00,107,25,76,143,67,143
2017-807-q927-ke17,1:34:00,94,13,83,159,76,159
2017-807-q927-tb69,1:07:00,67,7,62,107,45,107
2017-807-n409-l503,1:07:00,67,2,57,86,29,86
2017-807-n409-n732,1:57:00,117,5,76,140,64,140
2017-807-d643-d683,2:38:00,158,7,92,178,86,178
2017-807-ke17-y124,1:12:00,72,7,61,106,45,106
2017-807-c977-cg80,2:13:00,133,12,91,174,83,174
2017-807-tb69-me82,1:21:00,81,1,67,120,53,120
2017-807-q927-gb88,1:10:00,70,7,65,113,48,113
2017-807-j386-e873,1:28:00,88,8,71,130,59,130
2017-807-n409-z168,1:17:00,77,1,65,116,51,116
2017-807-n732-tc61,2:13:00,133,2,86,163,77,163
2017-807-d643-k966,1:34:00,94,3,76,135,59,135
2017-807-c977-d801,1:30:00,90,14,79,140,61,140
2017-807-gb88-r612,0:54:00,54,6,54,83,29,83
2017-807-tb69-sd32,1:48:00,108,6,80,150,70,150
2017-807-cg80-gc87,0:58:00,58,3,53,78,25,78
2017-807-n732-sm25,1:54:00,114,2,93,170,77,170
2017-807-j386-i186,1:05:00,65,5,58,107,49,107
2017-807-ke17-sc56,1:34:00,94,8,81,158,77,158
2017-807-l503-l575,2:10:00,130,8,97,184,87,184
2017-807-d683-td51,2:31:00,151,9,100,198,98,198
2017-807-e873-ke64,1:36:00,96,5,73,133,60,133
2017-807-me82-fb98,2:14:00,134,6,93,192,99,192
2017-807-q927-e831,1:59:00,119,11,105,189,84,189
2017-807-tc61-l397,2:15:00,135,4,87,171,84,171
2017-807-y124-ta46,0:52:00,52,3,47,92,45,92
2017-807-n732-h940,1:48:00,108,0,86,163,77,163
2017-807-fb98-tc61,1:57:00,117,12,97,178,81,178
2017-807-ke64-dc58,2:00:00,120,4,83,159,76,159
2017-807-td51-a829,1:47:00,107,9,90,173,83,173
2017-807-h940-e690,1:06:00,66,5,65,110,45,110
2017-807-tc61-rh88,1:13:00,73,0,63,101,38,101
2017-807-ke64-ch27,1:03:00,63,1,58,98,40,98
2017-807-a829-g725,1:47:00,107,4,92,165,73,165
2017-807-td51-ch47,0:44:00,44,9,54,87,33,87
2017-807-n732-k839,1:40:00,100,3,77,140,63,140
2017-807-fb98-k776,1:09:00,69,9,72,125,53,125
2017-807-dc58-si82,1:22:00,82,7,70,122,52,122
2017-495-mc10-k435,2:55:00,175,14,125,237,112,237
2017-495-mc10-v306,1:13:00,73,2,62,97,35,97
2017-495-v306-h756,2:16:00,136,2,109,198,89,198
2017-495-mc10-pf39,1:35:00,95,5,72,128,56,128
2017-495-v306-mc65,1:21:00,81,1,70,126,56,126
2017-495-h756-d923,1:51:00,111,3,91,160,69,160
2017-495-pf39-d864,2:21:00,141,11,113,216,103,216
2017-495-mc10-g476,1:13:00,73,5,62,97,35,97
2017-495-d864-f324,2:02:00,122,6,99,204,105,204
2017-495-v306-bd06,2:25:00,145,0,96,194,98,194
2017-495-mc65-e687,1:35:00,95,5,78,147,69,147
2017-495-h756-ba47,2:01:00,121,12,102,197,95,197
2017-495-pf39-ca99,0:59:00,59,6,56,97,41,97
2017-495-k435-mm58,1:16:00,76,3,67,117,50,117
2017-495-d923-g710,1:16:00,76,0,58,112,54,112
2017-495-mc10-j267,1:20:00,80,2,59,97,38,97
2017-495-d923-w367,1:12:00,72,2,71,125,54,125
2017-495-mc65-sk47,1:20:00,80,6,71,124,53,124
2017-495-f324-pd31,0:54:00,54,5,64,104,40,104
2017-495-ba47-r685,0:40:00,40,6,41,67,26,67
2017-495-bd06-ke29,1:25:00,85,1,75,131,56,131
2017-495-pf39-pg32,0:55:00,55,6,63,105,42,105
2017-495-k435-ma30,1:28:00,88,5,71,134,63,134
2017-495-ca99-sl28,1:07:00,67,8,69,124,55,124
2017-495-d864-y061,1:15:00,75,2,65,121,56,121
2017-495-e687-ba65,0:51:00,51,7,55,89,34,89
2017-495-g476-t840,1:34:00,94,1,74,136,62,136
2017-495-g710-v708,1:07:00,67,2,60,98,38,98
2017-495-h756-i165,1:05:00,65,10,65,114,49,114
2017-495-v306-sa93,1:23:00,83,2,66,117,51,117
2017-495-mm58-a499,1:01:00,61,10,65,112,47,112
2017-495-i165-f724,1:29:00,89,9,79,137,58,137
2017-495-ca99-sa93,1:34:00,94,19,81,152,71,152
2017-495-d864-mg47,1:11:00,71,1,64,108,44,108
2017-495-r685-me31,0:59:00,59,6,61,106,45,106
2017-495-i165-p09z,1:04:00,64,7,59,99,40,99
2017-495-sa93-sk67,1:37:00,97,7,91,169,78,169
2017-495-mg47-sc77,1:36:00,96,4,76,144,68,144
2017-495-me31-re44,1:56:00,116,12,103,187,84,187
2017-495-d864-g967,1:26:00,86,4,64,118,54,118
2017-495-ca99-ga94,0:52:00,52,4,61,97,36,97
2017-495-f724-f586,1:55:00,115,2,81,152,71,152
2017-495-r685-d646,2:43:00,163,6,115,229,114,229
2017-533-c882-cd85,1:39:00,99,9,83,147,64,147
2017-533-r772-sh90,3:01:00,181,6,134,253,119,253
2017-533-cd85-f510,1:12:00,72,2,69,112,43,112
2017-533-c882-r772,3:00:00,180,13,117,228,111,228
2017-533-r772-pc11,2:30:00,150,5,103,200,97,200
2017-533-c882-sm37,2:13:00,133,11,100,193,93,193
2017-533-sh90-d874,0:59:00,59,2,53,87,34,87
2017-533-cd85-sg64,1:06:00,66,1,58,102,44,102
2017-533-sh90-o376,1:18:00,78,3,61,107,46,107
2017-533-c882-bf23,1:05:00,65,3,57,96,39,96
2017-533-r772-e698,2:12:00,132,0,86,165,79,165
2017-533-f510-g983,1:59:00,119,2,92,173,81,173
2017-533-sm37-mi43,1:07:00,67,3,63,102,39,102
2017-533-pc11-b884,2:16:00,136,1,82,156,74,156
2017-533-f510-cf01,1:35:00,95,2,74,144,70,144
2017-533-d874-rh16,1:16:00,76,9,70,121,51,121
2017-533-sm37-bd20,0:57:00,57,4,54,82,28,82
2017-533-d874-kc04,1:42:00,102,5,73,146,73,146
2017-533-b884-mj08,2:29:00,149,4,101,194,93,194
2017-533-bf23-l987,1:20:00,80,3,76,129,53,129
2017-533-g983-sc73,1:48:00,108,5,75,143,68,143
2017-533-e698-lf26,1:22:00,82,3,74,125,51,125
2017-533-mi43-e224,1:30:00,90,4,75,135,60,135
2017-533-o376-ca33,1:53:00,113,1,80,149,69,149
2017-533-pc11-cc32,1:11:00,71,10,63,102,39,102
2017-533-rh16-sq80,1:13:00,73,2,67,123,56,123
2017-533-sg64-z184,1:26:00,86,12,70,122,52,122
2017-533-kc04-cf59,1:34:00,94,7,77,139,62,139
2017-533-cc32-d981,1:25:00,85,4,75,123,48,123
2017-533-g983-a887,2:09:00,129,3,79,162,83,162
2017-533-cf01-kc29,1:52:00,112,4,84,145,61,145
2017-533-kc04-sk69,1:01:00,61,6,59,96,37,96
2017-533-cc32-da81,1:49:00,109,4,78,142,64,142
2017-533-kc29-t0b5,0:44:00,44,1,48,64,16,64
2017-533-cf59-sh91,1:13:00,73,1,57,89,32,89
2017-533-g983-ce77,0:38:00,38,0,30,43,13,43
2017-533-a887-g585,1:51:00,111,0,76,143,67,143
2017-533-d981-z198,1:27:00,87,3,85,150,65,150
2017-533-cf01-md56,1:44:00,104,3,76,151,75,151
2017-404-f324-sm25,1:14:00,74,8,69,121,52,121
2017-404-f324-w367,1:20:00,80,2,72,129,57,129
2017-404-w367-cd85,1:05:00,65,4,63,105,42,105
2017-404-w367-tb69,2:31:00,151,8,110,213,103,213
2017-404-cd85-c882,2:05:00,125,8,95,183,88,183
2017-404-ke17-d643,1:52:00,112,14,79,151,72,151
2017-404-sm25-n552,1:48:00,108,1,83,159,76,159
2017-404-w367-n732,2:14:00,134,1,103,205,102,205
2017-404-n552-y124,1:17:00,77,1,63,112,49,112
2017-404-tb69-mc65,1:08:00,68,6,65,109,44,109
2017-404-c882-gb88,1:39:00,99,12,82,153,71,153
2017-404-sm25-j267,2:38:00,158,13,114,221,107,221
2017-404-cd85-l987,1:29:00,89,7,74,134,60,134
2017-404-d643-d683,2:18:00,138,4,99,178,79,178
2017-404-w367-k435,1:18:00,78,7,67,122,55,122
2017-404-n552-ma30,1:12:00,72,3,61,104,43,104
2017-404-n409-v306,1:29:00,89,1,67,121,54,121
2017-404-f324-n409,1:08:00,68,5,57,99,42,99
2017-404-f324-j386,1:35:00,95,12,85,162,77,162
2017-404-tb69-z168,0:58:00,58,7,65,106,41,106
2017-404-mc65-i186,1:09:00,69,3,62,109,47,109
2017-404-gb88-r772,1:39:00,99,9,73,139,66,139
2017-404-sm25-d875,2:26:00,146,8,112,222,110,222
2017-404-n732-ba47,2:22:00,142,5,100,209,109,209
2017-404-y124-pf39,1:47:00,107,5,81,169,88,169
2017-404-ke17-z355,1:13:00,73,6,58,106,48,106
2017-404-c882-f510,1:06:00,66,5,64,107,43,107
2017-404-j267-fb98,1:40:00,100,7,75,145,70,145
2017-404-l987-pd07,2:28:00,148,1,106,202,96,202
2017-404-pd07-mc10,1:51:00,111,5,73,143,70,143
2017-404-w367-l503,1:18:00,78,9,65,117,52,117
2017-404-d643-e831,1:51:00,111,3,79,155,76,155
2017-404-n409-pc11,1:21:00,81,2,59,100,41,100
2017-404-fb98-c977,2:18:00,138,10,102,201,99,201
2017-404-f510-t786,2:30:00,150,6,115,228,113,228
2017-404-n552-e687,1:25:00,85,1,66,120,54,120
2017-404-tb69-ca12,1:14:00,74,6,60,109,49,109
2017-404-mc65-kc86,1:55:00,115,6,93,168,75,168
2017-404-f324-r612,0:51:00,51,4,53,88,35,88
2017-404-gb88-ke29,1:56:00,116,4,91,178,87,178
2017-404-d875-y061,1:10:00,70,7,67,106,39,106
2017-404-pf39-sl28,1:11:00,71,4,69,117,48,117
2017-404-ba47-f811,1:48:00,108,13,88,168,80,168
2017-404-ke17-z184,1:11:00,71,10,63,104,41,104
2017-404-bd06-me82,1:32:00,92,1,76,131,55,131
2017-404-z355-bf23,1:40:00,100,6,78,146,68,146
2017-404-sm25-l949,1:40:00,100,5,79,163,84,163
2017-404-i186-k926,1:36:00,96,23,75,141,66,141
2017-404-n732-k336,1:20:00,80,2,67,123,56,123
2017-404-cd85-g967,1:07:00,67,7,66,116,50,116
2017-404-r772-d923,2:33:00,153,3,110,214,104,214
2017-404-j386-a678,2:14:00,134,17,89,185,96,185
2017-404-y124-q927,1:33:00,93,6,79,159,80,159
2017-404-ma30-v708,1:27:00,87,15,72,123,51,123
2017-404-v306-h996,1:16:00,76,0,65,115,50,115
2017-404-c882-k966,2:00:00,120,6,91,172,81,172
2017-404-k435-d801,1:08:00,68,3,58,116,58,116
2017-404-z168-sh90,1:15:00,75,8,67,119,52,119
2017-404-l987-l397,1:56:00,116,6,94,177,83,177
2017-404-d683-d874,1:51:00,111,11,81,149,68,149
2017-404-j267-g710,1:34:00,94,0,74,134,60,134
2017-404-a678-gb53,1:18:00,78,6,65,111,46,111
2017-404-bf23-b747,2:02:00,122,11,98,193,95,193
2017-404-d874-kb54,1:09:00,69,1,61,103,42,103
2017-404-ca12-a829,1:47:00,107,7,84,153,69,153
2017-404-d801-t840,1:09:00,69,9,67,116,49,116
2017-404-d923-h940,2:10:00,130,4,103,202,99,202
2017-404-e831-e698,1:06:00,66,3,58,90,32,90
2017-404-e687-ba65,0:53:00,53,2,57,88,31,88
2017-404-f510-k776,2:19:00,139,2,92,187,95,187
2017-404-f811-ta46,1:02:00,62,7,63,107,44,107
2017-404-fb98-pd31,1:05:00,65,5,59,101,42,101
2017-404-g967-o522,1:26:00,86,7,79,147,68,147
2017-404-h996-bd20,2:36:00,156,14,113,226,113,226
2017-404-j267-m873,1:27:00,87,4,70,120,50,120
2017-404-ke29-r419,1:13:00,73,12,70,117,47,117
2017-404-kc86-bg23,1:46:00,106,2,87,160,73,160
2017-404-k966-mj08,1:39:00,99,7,80,146,66,146
2017-404-k926-tc61,1:26:00,86,3,57,106,49,106
2017-404-l949-cg80,2:10:00,130,8,86,170,84,170
2017-404-l987-td51,1:18:00,78,2,72,124,52,124
2017-404-l503-h756,1:23:00,83,6,65,123,58,123
2017-404-me82-ma21,2:07:00,127,4,96,164,68,164
2017-404-n732-y218,1:48:00,108,1,77,135,58,135
2017-404-pc11-g476,2:17:00,137,2,104,190,86,190
2017-404-pd07-l575,2:30:00,150,10,115,216,101,216
2017-404-r612-sc56,1:14:00,74,3,68,128,60,128
2017-404-sh90-sm37,2:08:00,128,6,96,188,92,188
2017-404-sl28-g725,1:17:00,77,8,70,126,56,126
2017-404-y124-ke64,1:54:00,114,4,85,160,75,160
2017-404-v708-o376,1:54:00,114,9,83,160,77,160
2017-404-y061-mm58,1:32:00,92,2,73,136,63,136
2017-404-z184-ca99,2:35:00,155,4,119,221,102,221
2017-404-y218-n732,0:59:00,59,6,55,89,34,89
2017-404-bg23-bk92,1:14:00,74,1,76,145,69,145
2017-404-a829-dh58,2:05:00,125,1,88,177,89,177
2017-404-kc86-k926,1:25:00,85,2,65,116,51,116
2017-404-l987-k839,1:31:00,91,0,72,132,60,132
2017-404-g725-gb93,2:15:00,135,3,90,178,88,178
2017-404-b747-me89,1:44:00,104,2,75,145,70,145
2017-404-ca99-kb09,1:40:00,100,11,81,153,72,153
2017-404-pd07-r548,1:54:00,114,10,90,168,78,168
2017-404-l949-n674,1:58:00,118,5,104,191,87,191
2017-404-gb53-w630,1:25:00,85,3,74,130,56,130
2017-404-g967-ta29,1:34:00,94,5,80,159,79,159
2017-404-bg23-e690,1:11:00,71,1,70,126,56,126
2017-404-n674-i165,1:27:00,87,10,72,135,63,135
2017-404-n732-a853,1:03:00,63,1,61,101,40,101
2017-404-a829-me31,1:41:00,101,2,74,142,68,142
2017-404-r548-dc58,1:09:00,69,4,60,106,46,106
2017-404-k926-gc88,1:13:00,73,1,72,124,52,124
2017-404-g725-mp01,2:01:00,121,1,88,162,74,162
2017-404-g967-e873,1:01:00,61,7,62,107,45,107
2017-404-me89-g681,2:02:00,122,4,86,169,83,169
2017-404-l987-d646,2:00:00,120,3,96,176,80,176
2017-404-gb53-sc77,1:29:00,89,1,69,133,64,133
2017-404-ca99-r685,1:08:00,68,14,68,120,52,120
2017-404-gb93-be54,1:19:00,79,3,70,144,74,144
2017-404-b747-g940,1:24:00,84,3,71,131,60,131
2017-404-ta29-kc04,1:49:00,109,3,84,162,78,162
2017-404-l949-sf62,1:34:00,94,2,79,149,70,149
2017-404-y218-pb22,1:38:00,98,5,77,140,63,140
2017-404-pd07-kc12,1:17:00,77,8,68,111,43,111
2017-404-kb09-f724,1:13:00,73,4,67,119,52,119
2017-404-kc86-rc96,1:18:00,78,1,73,129,56,129
2017-404-k839-b896,2:10:00,130,2,100,197,97,197
2017-404-w630-re44,1:07:00,67,1,63,110,47,110
2017-404-bk92-g858,1:42:00,102,11,91,173,82,173
2017-404-dh58-sc47,2:11:00,131,7,94,185,91,185
2017-403-n409-f510,1:30:00,90,6,76,126,50,126
2017-403-f324-n409,1:35:00,95,5,71,127,56,127
2017-403-f324-ke17,3:11:00,191,10,140,270,130,270
2017-403-f510-n552,1:08:00,68,4,61,109,48,109
2017-403-n409-sm25,1:23:00,83,2,62,109,47,109
2017-403-f324-ba47,1:57:00,117,11,89,180,91,180
2017-403-ke17-z355,2:34:00,154,16,107,200,93,200
2017-403-z355-w367,1:44:00,104,2,86,149,63,149
2017-403-f324-bd06,1:57:00,117,8,93,170,77,170
2017-403-n552-d874,2:14:00,134,2,94,175,81,175
2017-403-n409-m873,1:35:00,95,2,72,131,59,131
2017-403-ke17-gb88,1:37:00,97,12,76,152,76,152
2017-403-sm25-dc58,1:03:00,63,2,59,95,36,95
2017-403-f510-y124,1:06:00,66,1,60,102,42,102
2017-403-ba47-me82,1:29:00,89,5,69,127,58,127
2017-403-w367-j267,1:10:00,70,7,69,123,54,123
2017-403-n552-v306,2:44:00,164,4,124,231,107,231
2017-403-n409-k435,1:38:00,98,0,73,132,59,132
2017-403-f324-d683,1:22:00,82,7,70,122,52,122
2017-403-gb88-sm37,2:32:00,152,11,114,217,103,217
2017-403-ba47-ma30,1:24:00,84,6,65,116,51,116
2017-403-sm25-v708,1:40:00,100,3,78,145,67,145
2017-403-ke17-k336,2:26:00,146,14,116,213,97,213
2017-403-bd06-q927,1:55:00,115,0,87,163,76,163
2017-403-d874-sl28,1:19:00,79,3,69,121,52,121
2017-403-f510-ca12,2:06:00,126,4,88,179,91,179
2017-403-z355-i186,2:38:00,158,9,115,228,113,228
2017-403-m873-pc11,1:16:00,76,1,64,114,50,114
2017-403-me82-cg80,2:38:00,158,5,101,198,97,198
2017-403-y124-pd31,1:18:00,78,0,68,126,58,126
2017-403-w367-z184,1:05:00,65,8,60,105,45,105
2017-403-n552-a678,1:29:00,89,1,63,113,50,113
2017-403-r975-t840,1:19:00,79,3,70,125,55,125
2017-403-f324-td51,1:13:00,73,8,69,118,49,118
2017-403-n409-sc56,1:21:00,81,3,65,112,47,112
2017-403-cg80-tb69,1:31:00,91,3,68,124,56,124
2017-403-ca12-c977,2:06:00,126,3,81,163,82,163
2017-403-gb88-kc86,1:26:00,86,1,73,125,52,125
2017-403-pc11-d875,1:55:00,115,2,82,159,77,159
2017-403-ba47-re44,1:12:00,72,8,63,107,44,107
2017-403-ke17-d923,1:04:00,64,10,65,108,43,108
2017-403-y124-pf39,1:33:00,93,5,75,137,62,137
2017-403-bd06-k926,1:49:00,109,0,86,157,71,157
2017-403-sm25-n732,0:32:00,32,1,17,34,17,34
2017-403-k336-kb54,1:17:00,77,9,68,122,54,122
2017-403-d874-cd85,1:44:00,104,1,81,156,75,156
2017-403-z355-l575,1:01:00,61,8,57,91,34,91
2017-403-i186-bd20,1:43:00,103,13,72,139,67,139
2017-403-sl28-sd32,0:50:00,50,5,56,88,32,88
2017-403-v708-r772,2:54:00,174,10,116,221,105,221
2017-403-pd31-c882,0:57:00,57,3,63,105,42,105
2017-403-q927-r419,0:52:00,52,9,60,94,34,94
2017-403-v306-e873,1:48:00,108,4,89,165,76,165
2017-403-ma30-sa93,1:50:00,110,13,87,163,76,163
2017-403-m873-j386,2:18:00,138,8,107,198,91,198
2017-403-sm37-f401,1:16:00,76,1,66,111,45,111
2017-403-dc58-z168,1:25:00,85,8,72,128,56,128
2017-403-d683-h756,1:22:00,82,3,68,115,47,115
2017-403-f510-sh90,2:23:00,143,8,110,221,111,221
2017-403-j267-l397,1:59:00,119,7,89,167,78,167
2017-403-me82-l503,2:04:00,124,6,82,167,85,167
2017-403-k435-fb98,2:31:00,151,4,111,220,109,220
2017-403-a678-l987,1:32:00,92,8,73,130,57,130
2017-403-bd20-r612,1:24:00,84,8,80,139,59,139
2017-403-ca12-bf23,1:01:00,61,7,57,88,31,88
2017-403-cg80-g710,2:51:00,171,5,105,199,94,199
2017-403-dc58-e831,2:23:00,143,8,100,197,97,197
2017-403-d874-ma21,2:09:00,129,1,89,169,80,169
2017-403-d923-ch27,2:28:00,148,3,115,217,102,217
2017-403-e873-e687,1:40:00,100,5,82,163,81,163
2017-403-f510-h940,1:39:00,99,2,89,162,73,162
2017-403-fb98-pg32,1:07:00,67,3,63,106,43,106
2017-403-h756-y268,2:15:00,135,3,98,187,89,187
2017-403-j267-d801,0:58:00,58,0,48,92,44,92
2017-403-kb54-i165,1:37:00,97,9,89,168,79,168
2017-403-kc86-l797,1:41:00,101,4,92,175,83,175
2017-403-k926-y061,1:11:00,71,2,62,103,41,103
2017-403-l575-rh16,1:05:00,65,0,65,105,40,105
2017-403-m873-mp01,1:15:00,75,2,62,107,45,107
2017-403-me82-b896,1:31:00,91,3,72,139,67,139
2017-403-n732-tc61,2:14:00,134,2,92,184,92,184
2017-403-pd31-k966,1:42:00,102,9,75,142,67,142
2017-403-pc11-sf62,2:17:00,137,1,100,194,94,194
2017-403-r419-bg23,1:59:00,119,8,94,184,90,184
2017-403-re44-mb02,0:44:00,44,3,58,85,27,85
2017-403-sm37-ke29,2:27:00,147,2,105,217,112,217
2017-403-sc56-hb05,0:51:00,51,1,57,85,28,85
2017-403-sl28-bh09,1:19:00,79,3,63,110,47,110
2017-403-sa93-a829,1:13:00,73,8,66,115,49,115
2017-403-td51-k776,2:01:00,121,12,103,188,85,188
2017-403-v708-h355,2:36:00,156,12,115,206,91,206
2017-403-t840-mj08,1:56:00,116,10,90,167,77,167
2017-403-y124-ba65,1:18:00,78,4,70,134,64,134
2017-403-z184-e698,2:37:00,157,8,105,210,105,210
2017-403-b896-y061,1:34:00,94,3,76,145,69,145
2017-403-hb05-sc73,1:27:00,87,4,75,135,60,135
2017-403-td51-bk19,1:57:00,117,10,102,189,87,189
2017-403-a829-sc77,1:50:00,110,1,90,164,74,164
2017-403-e873-o376,1:22:00,82,3,68,124,56,124
2017-403-k926-gb93,1:12:00,72,2,68,118,50,118
2017-403-dc58-ke64,1:21:00,81,6,72,124,52,124
2017-403-l987-kc29,1:18:00,78,2,66,123,57,123
2017-403-l797-ki95,1:03:00,63,6,67,109,42,109
2017-403-bh09-k839,1:22:00,82,4,66,117,51,117
2017-403-sf62-be54,1:09:00,69,5,65,111,46,111
2017-403-k839-h996,2:11:00,131,0,105,204,99,204
2017-403-y061-me31,2:44:00,164,8,118,233,115,233
2017-403-sc73-r685,2:24:00,144,12,115,229,114,229
2017-403-td51-g681,1:24:00,84,6,75,136,61,136
2017-403-a829-y218,1:06:00,66,0,61,101,40,101
2017-403-o376-bk92,1:51:00,111,1,107,192,85,192
2017-403-k926-g967,0:45:00,45,3,31,57,26,57
2017-403-dc58-wb32,1:02:00,62,5,65,106,41,106
2017-403-kc29-w630,1:39:00,99,3,85,155,70,155
2017-403-l797-k0a4,1:56:00,116,2,101,197,96,197
2017-403-sf62-g725,1:01:00,61,4,59,106,47,106
2017-403-e873-kb09,0:58:00,58,7,56,98,42,98
2017-403-bh09-gb53,1:04:00,64,9,59,103,44,103
2017-403-l987-z189,0:33:00,33,1,27,50,23,50
2017-403-sc77-g858,1:57:00,117,7,99,179,80,179
2017-403-o522-ca99,1:10:00,70,14,65,120,55,120
2017-403-bk19-f811,0:43:00,43,7,43,72,29,72
2017-403-gb93-hb64,1:57:00,117,5,95,191,96,191
2017-403-ke64-ki74,2:21:00,141,3,106,205,99,205
2017-403-ki95-l949,0:59:00,59,2,58,103,45,103
2017-403-be54-kc04,1:41:00,101,5,84,169,85,169
2017-403-hb05-pb22,1:20:00,80,5,71,124,53,124
2017-403-b896-sg64,2:48:00,168,4,126,243,117,243
2017-403-kc86-d646,2:04:00,124,3,109,206,97,206
2017-717-bd20-e873,1:55:00,115,8,91,172,81,172
2017-717-j386-sm25,1:59:00,119,12,93,177,84,177
2017-717-j386-bd20,2:25:00,145,9,104,204,100,204
2017-717-sm25-l397,2:14:00,134,5,98,198,100,198
2017-717-e873-i186,3:03:00,183,10,135,262,127,262
2017-717-bd20-q927,1:47:00,107,6,83,164,81,164
2017-717-sm25-h355,1:55:00,115,5,86,170,84,170
2017-717-j386-v306,1:23:00,83,6,70,125,55,125
2017-717-q927-z184,1:12:00,72,19,68,120,52,120
2017-717-j386-ba65,1:19:00,79,10,79,143,64,143
2017-717-i186-md56,2:16:00,136,20,100,191,91,191
2017-717-v306-kc29,1:33:00,93,3,76,134,58,134
2017-717-bd20-g585,2:18:00,138,5,103,198,95,198
2017-717-e873-mj08,2:08:00,128,7,89,166,77,166
2017-717-l397-ch27,2:05:00,125,7,94,178,84,178
2017-717-v306-a678,1:57:00,117,3,84,161,77,161
2017-717-l397-f811,1:38:00,98,14,72,134,62,134
2017-717-mj08-y124,1:09:00,69,5,64,110,46,110
2017-717-ba65-ma21,1:29:00,89,5,76,147,71,147
2017-717-bd20-td51,2:03:00,123,10,91,180,89,180
2017-717-e873-sl08,1:17:00,77,5,64,110,46,110
2017-717-ch27-e224,2:30:00,150,3,107,210,103,210
2017-717-h355-o522,2:11:00,131,3,100,196,96,196
2017-717-z184-sc73,1:37:00,97,2,71,130,59,130
2017-717-kc29-rc96,0:34:00,34,1,26,42,16,42
2017-717-md56-pg32,1:45:00,105,5,86,155,69,155
2017-717-g585-dc58,2:42:00,162,1,112,218,106,218
2017-717-md56-kb09,2:24:00,144,7,97,196,99,196
2017-717-g585-b896,1:08:00,68,6,64,110,46,110
2017-717-sl08-g681,1:23:00,83,5,62,111,49,111
2017-717-rc96-ka98,1:57:00,117,5,104,194,90,194
2017-717-b896-a887,1:15:00,75,7,69,113,44,113
2017-717-g681-pb22,1:39:00,99,5,77,142,65,142
2017-717-ka98-o376,1:36:00,96,4,80,150,70,150
2017-717-kb09-ba23,0:27:00,27,1,16,33,17,33
2017-717-md56-sf62,2:36:00,156,5,113,225,112,225
2017-717-rc96-r383,1:59:00,119,3,92,176,84,176
2017-717-g585-n674,1:58:00,118,2,93,177,84,177
2017-717-sl08-d916,1:34:00,94,0,69,122,53,122
2017-360-cg80-r772,2:31:00,151,6,92,181,89,181
2017-360-cg80-k435,2:38:00,158,10,113,228,115,228
2017-360-cg80-v708,1:22:00,82,6,58,110,52,110
2017-360-k435-sl28,2:08:00,128,4,96,186,90,186
2017-360-v708-l503,2:21:00,141,9,91,178,87,178
2017-360-pd31-r419,1:03:00,63,10,63,109,46,109
2017-360-k435-pd31,1:02:00,62,0,68,110,42,110
2017-360-r419-d875,1:49:00,109,0,81,158,77,158
2017-360-r772-db63,2:27:00,147,4,101,182,81,182
2017-360-k435-ca12,1:36:00,96,9,83,151,68,151
2017-360-v708-z168,1:38:00,98,1,69,128,59,128
2017-360-l503-q948,2:52:00,172,4,106,209,103,209
2017-360-pd31-a829,1:10:00,70,6,68,116,48,116
2017-360-cg80-e655,2:42:00,162,1,109,208,99,208
2017-360-sl28-af32,1:25:00,85,6,67,116,49,116
2017-360-l503-g476,2:04:00,124,2,81,149,68,149
2017-360-pd31-b884,2:21:00,141,8,101,193,92,193
2017-360-cg80-sm37,1:49:00,109,5,80,147,67,147
2017-360-af32-g710,1:38:00,98,0,70,134,64,134
2017-360-a829-a479,1:39:00,99,4,69,130,61,130
2017-360-ca12-j267,1:56:00,116,8,88,165,77,165
2017-360-db63-k966,1:51:00,111,10,81,143,62,143
2017-360-e655-d874,1:06:00,66,2,50,95,45,95
2017-360-q948-m850,1:57:00,117,14,90,175,85,175
2017-360-r419-sc77,1:17:00,77,1,63,124,61,124
2017-360-sl28-da81,2:08:00,128,12,97,178,81,178
2017-360-v708-v495,1:20:00,80,5,63,105,42,105
2017-360-da81-v495,2:26:00,146,0,97,190,93,190
2017-360-q948-le01,1:18:00,78,6,66,113,47,113
2017-360-sc77-bk92,1:07:00,67,2,67,113,46,113
2017-360-db63-w579,1:19:00,79,3,62,113,51,113
2017-360-da81-tc02,0:49:00,49,2,55,79,24,79
2017-360-q948-d864,2:10:00,130,6,95,192,97,192
2017-360-db63-ca99,0:30:00,30,0,32,48,16,48
2017-360-sc77-cg73,0:39:00,39,2,49,70,21,70
2017-360-v495-ca33,3:08:00,188,8,124,239,115,239
2017-360-w579-re44,1:45:00,105,9,86,157,71,157
2017-360-bk92-cf59,1:22:00,82,6,72,135,63,135
2017-360-le01-z301,1:13:00,73,1,63,111,48,111
2017-410-n409-gb88,1:29:00,89,4,65,108,43,108
2017-410-n409-r772,1:16:00,76,5,58,93,35,93
2017-410-gb88-d643,2:38:00,158,3,105,210,105,210
2017-410-r772-pf39,2:16:00,136,3,103,186,83,186
2017-410-r772-c977,2:32:00,152,4,102,189,87,189
2017-410-n409-sm37,1:39:00,99,2,62,116,54,116
2017-410-pf39-c882,1:58:00,118,2,94,174,80,174
2017-410-r772-mc10,2:33:00,153,0,96,186,90,186
2017-410-d643-cd85,2:26:00,146,2,104,192,88,192
2017-410-n409-z355,1:09:00,69,1,59,92,33,92
2017-410-c882-w367,1:17:00,77,2,71,123,52,123
2017-410-c977-ba47,2:01:00,121,4,88,159,71,159
2017-410-gb88-tb69,2:15:00,135,2,102,192,90,192
2017-410-pf39-me82,0:11:00,11,0,13,17,4,17
2017-410-sm37-sl28,1:10:00,70,1,64,104,40,104
2017-410-mc10-ma30,1:56:00,116,2,85,153,68,153
2017-410-d643-sd32,2:32:00,152,2,93,176,83,176
2017-410-n409-e831,2:19:00,139,1,93,171,78,171
2017-410-w367-v708,1:24:00,84,3,79,137,58,137
2017-410-c977-ca12,1:06:00,66,8,59,95,36,95
2017-410-me82-t786,2:05:00,125,1,100,182,82,182
2017-410-sl28-d875,1:57:00,117,10,93,175,82,175
2017-410-tb69-h756,1:02:00,62,3,57,95,38,95
2017-410-ba47-h355,1:55:00,115,7,83,158,75,158
2017-410-gb88-a479,1:11:00,71,4,62,104,42,104
2017-410-pf39-l503,1:22:00,82,3,72,125,53,125
2017-410-sm37-bd06,1:47:00,107,0,80,147,67,147
2017-410-cd85-ke29,1:28:00,88,2,70,128,58,128
2017-410-z355-l397,1:00:00,60,5,62,100,38,100
2017-410-r772-b884,1:20:00,80,1,54,93,39,93
2017-410-c882-sh90,1:21:00,81,1,68,118,50,118
2017-410-ba47-kb54,2:00:00,120,3,100,193,93,193
2017-410-gb88-d632,1:12:00,72,2,62,101,39,101
2017-410-pf39-h940,1:12:00,72,2,67,117,50,117
2017-410-bd06-bg23,2:07:00,127,5,86,168,82,168
2017-410-cd85-f510,2:23:00,143,3,116,216,100,216
2017-410-z355-sa93,1:08:00,68,3,64,104,40,104
2017-410-r772-o376,1:19:00,79,1,63,106,43,106
2017-410-c882-t840,1:18:00,78,1,68,116,48,116
2017-410-a479-k966,1:57:00,117,6,91,164,73,164
2017-410-b884-h996,1:48:00,108,0,81,148,67,148
2017-410-ca12-cg80,2:42:00,162,8,118,223,105,223
2017-410-e831-e687,1:20:00,80,2,67,118,51,118
2017-410-h355-pd31,1:09:00,69,1,64,107,43,107
2017-410-h756-d923,1:07:00,67,2,56,101,45,101
2017-410-ke29-m873,1:25:00,85,4,71,128,57,128
2017-410-l503-g710,1:35:00,95,1,72,126,54,126
2017-410-l397-mm58,2:00:00,120,6,96,185,89,185
2017-410-me82-g476,2:02:00,122,2,80,156,76,156
2017-410-ma30-r419,1:03:00,63,12,53,85,32,85
2017-410-sm37-ta46,1:18:00,78,3,81,145,64,145
2017-410-sd32-j267,1:21:00,81,1,62,107,45,107
2017-410-sh90-mb02,1:03:00,63,6,62,107,45,107
2017-410-sl28-rh16,1:18:00,78,4,65,118,53,118
2017-410-v708-z168,1:36:00,96,2,74,140,66,140
2017-410-me82-se73,1:22:00,82,6,65,115,50,115
2017-410-sl28-h996,0:59:00,59,4,57,92,35,92
2017-410-k966-sc77,1:19:00,79,3,66,112,46,112
2017-410-b884-cf59,1:24:00,84,3,59,95,36,95
2017-410-g476-d923,2:08:00,128,4,101,181,80,181
2017-410-kb54-y061,2:41:00,161,4,107,217,110,217
2017-410-o376-ba98,2:40:00,160,0,110,211,101,211
2017-410-sl28-m850,2:19:00,139,11,106,201,95,201
2017-410-me82-cn78,1:00:00,60,1,61,93,32,93
2017-410-k966-d864,2:00:00,120,6,94,176,82,176
2017-410-b884-re44,1:24:00,84,1,58,96,38,96
2017-410-d923-g983,1:33:00,93,2,83,153,70,153
2017-410-kb54-b747,0:56:00,56,3,58,93,35,93
2017-410-ba98-k926,1:24:00,84,2,70,121,51,121
2017-410-h996-ca99,1:28:00,88,3,76,143,67,143
2017-410-cf59-a829,1:30:00,90,0,65,117,52,117
2017-410-sc77-l987,1:58:00,118,6,94,184,90,184
2017-410-y061-da81,2:20:00,140,7,95,196,101,196
2017-410-o376-kc04,1:55:00,115,3,88,174,86,174
2017-410-se73-n670,2:16:00,136,1,109,207,98,207
2017-410-g476-da59,1:08:00,68,0,58,97,39,97
2017-425-n409-z184,1:34:00,94,1,68,117,49,117
2017-425-n409-tb69,1:31:00,91,1,67,114,47,114
2017-425-tb69-mc10,2:15:00,135,6,89,167,78,167
2017-425-mc10-r772,3:00:00,180,2,100,196,96,196
2017-425-n409-ch27,1:44:00,104,1,74,128,54,128
2017-425-z184-ke29,1:14:00,74,3,60,99,39,99
2017-425-tb69-se73,0:52:00,52,4,52,78,26,78
2017-425-mc10-l397,1:50:00,110,6,79,149,70,149
2017-425-n409-a678,1:33:00,93,1,72,123,51,123
2017-425-ke29-gb88,2:35:00,155,10,123,235,112,235
2017-425-tb69-e687,1:22:00,82,6,71,133,62,133
2017-425-r772-bd06,2:10:00,130,1,85,159,74,159
2017-425-se73-cd85,1:17:00,77,2,72,125,53,125
2017-425-ch27-z355,1:21:00,81,0,66,113,47,113
2017-425-z184-pd31,2:19:00,139,1,109,220,111,220
2017-425-n409-sc73,1:15:00,75,2,57,89,32,89
2017-425-tb69-e831,1:20:00,80,6,71,128,57,128
2017-425-bd06-sl28,1:28:00,88,2,70,124,54,124
2017-425-gb88-bg23,1:12:00,72,0,66,112,46,112
2017-425-cd85-sa93,1:03:00,63,1,57,92,35,92
2017-425-r772-rh16,1:47:00,107,2,77,144,67,144
2017-425-z355-a479,2:26:00,146,1,106,210,104,210
2017-425-ke29-c882,1:55:00,115,2,79,156,77,156
2017-425-se73-g628,2:27:00,147,2,100,197,97,197
2017-425-a678-f401,1:06:00,66,4,53,92,39,92
2017-425-z184-sh90,1:45:00,105,5,80,154,74,154
2017-425-e687-z168,1:22:00,82,2,71,130,59,130
2017-425-ch27-k435,1:09:00,69,4,59,104,45,104
2017-425-pd31-g710,1:45:00,105,2,85,163,78,163
2017-425-l397-m824,1:01:00,61,6,56,88,32,88
2017-425-a479-d916,1:24:00,84,8,63,114,51,114
2017-425-a678-b884,2:15:00,135,8,86,172,86,172
2017-425-bg23-da81,1:08:00,68,0,67,114,47,114
2017-425-ch27-i165,1:20:00,80,1,63,113,50,113
2017-425-e831-ca12,1:23:00,83,8,71,137,66,137
2017-425-sc73-o376,0:51:00,51,1,51,74,23,74
2017-425-ke29-bd20,1:29:00,89,2,67,120,53,120
2017-425-g710-j267,1:46:00,106,1,78,137,59,137
2017-425-e687-mj08,2:46:00,166,7,123,222,99,222
2017-425-m824-g476,1:38:00,98,1,79,149,70,149
2017-425-sa93-y268,1:17:00,77,0,61,110,49,110
2017-425-sl28-h996,1:27:00,87,7,72,132,60,132
2017-425-rh16-a829,1:05:00,65,3,62,105,43,105
2017-425-se73-r419,1:17:00,77,2,61,115,54,115
2017-425-ta46-ba65,1:40:00,100,6,100,182,82,182
2017-425-z184-g725,1:04:00,64,5,62,106,44,106
2017-425-mj08-sh91,2:06:00,126,4,94,169,75,169
2017-425-d916-se73,1:53:00,113,0,78,146,68,146
2017-425-ch27-pc11,1:32:00,92,1,71,128,57,128
2017-425-g725-dh50,1:56:00,116,1,98,184,86,184
2017-425-da81-bc72,1:07:00,67,1,56,97,41,97
2017-425-rh16-mn20,1:08:00,68,8,65,105,40,105
2017-425-mj08-r685,2:01:00,121,6,97,194,97,194
2017-425-se73-ki74,1:43:00,103,4,79,146,67,146
2017-425-ch27-g858,1:24:00,84,4,74,127,53,127
2017-425-g725-la93,1:59:00,119,1,91,176,85,176
2017-425-da81-mu94,1:16:00,76,0,60,99,39,99
2017-425-mn20-re44,2:30:00,150,1,114,224,110,224
2017-425-dh50-cf59,1:55:00,115,0,81,156,75,156
2017-425-rh16-rb60,1:17:00,77,1,64,108,44,108
2017-425-sh91-d750,0:49:00,49,0,29,59,30,59
2017-425-bc72-ca33,1:59:00,119,3,95,179,84,179
2017-425-pc11-ta29,1:28:00,88,1,70,127,57,127
2017-425-d916-i236,1:47:00,107,0,78,150,72,150
2017-7648-pf39-k966,1:24:00,84,5,71,127,56,127
2017-7648-pf39-l503,1:14:00,74,7,67,115,48,115
2017-7648-bh09-db63,1:18:00,78,4,62,105,43,105
2017-7648-pf39-bh09,1:05:00,65,5,60,98,38,98
2017-7648-bh09-k336,1:03:00,63,6,58,100,42,100
2017-7648-db63-v306,2:31:00,151,2,108,212,104,212
2017-7648-l503-kb54,1:33:00,93,3,72,136,64,136
2017-7648-pf39-v708,2:13:00,133,5,107,211,104,211
2017-7648-kb54-f510,2:06:00,126,3,101,200,99,200
2017-7648-k336-d923,1:26:00,86,8,76,143,67,143
2017-7648-v306-f724,1:28:00,88,1,74,133,59,133
2017-7648-l503-sc77,2:14:00,134,1,88,180,92,180
2017-7648-db63-t840,1:45:00,105,0,82,148,66,148
2017-7648-k966-f811,1:11:00,71,3,62,104,42,104
2017-7648-bh09-h756,1:27:00,87,4,71,130,59,130
2017-7648-f811-sd32,1:19:00,79,3,67,115,48,115
2017-7648-l503-k926,1:45:00,105,4,73,131,58,131
2017-7648-t840-d864,0:53:00,53,5,57,88,31,88
2017-7648-bh09-ca99,1:25:00,85,5,65,118,53,118
2017-7648-h756-sm37,1:01:00,61,2,56,90,34,90
2017-7648-db63-mm58,1:25:00,85,0,67,116,49,116
2017-7648-k966-mn13,1:13:00,73,1,65,111,46,111
2017-7648-f724-y061,1:03:00,63,2,58,93,35,93
2017-7648-d923-d632,1:42:00,102,1,80,151,71,151
2017-7648-kb54-h940,1:33:00,93,3,87,156,69,156
2017-7648-sc77-mb02,0:49:00,49,3,49,84,35,84
2017-7648-v708-cg80,1:43:00,103,4,74,137,63,137
2017-7648-bh09-ca99,2:28:00,148,3,112,204,92,204
2017-7648-db63-d864,2:31:00,151,7,115,219,104,219
2017-7648-f811-bd80,2:05:00,125,5,95,184,89,184
2017-7648-mn13-sc77,1:43:00,103,1,79,155,76,155
2017-7648-bh09-gb53,1:25:00,85,2,72,125,53,125
2017-7648-bd80-l987,1:45:00,105,1,80,147,67,147
2017-7648-d864-sf41,2:01:00,121,10,92,178,86,178
2017-7648-sc77-p09o,1:04:00,64,3,58,102,44,102
2017-7648-db63-gb93,2:35:00,155,2,108,212,104,212
2017-7648-ca99-g940,1:54:00,114,5,95,177,82,177
2017-7648-f811-k839,0:59:00,59,1,55,88,33,88
2017-7648-mn13-be67,1:03:00,63,4,59,97,38,97
2017-7290-cd85-a479,1:10:00,70,0,57,103,46,103
2017-7290-cd85-f401,1:21:00,81,0,67,121,54,121
2017-7290-ma30-a678,1:39:00,99,8,70,136,66,136
2017-7290-cd85-ma30,1:23:00,83,1,67,119,52,119
2017-7290-a678-g628,2:40:00,160,4,109,216,107,216
2017-7290-cd85-r419,1:58:00,118,1,89,168,79,168
2017-7290-ma30-da81,1:56:00,116,8,92,159,67,159
2017-7290-f401-h940,1:12:00,72,0,66,107,41,107
2017-7290-g628-b884,1:28:00,88,1,68,120,52,120
2017-7290-ma30-s483,1:07:00,67,8,59,102,43,102
2017-7290-a479-e698,1:05:00,65,7,57,93,36,93
2017-7290-f401-sn54,1:15:00,75,2,64,109,45,109
2017-7290-a678-d985,2:26:00,146,11,115,209,94,209
2017-7290-da81-f811,1:28:00,88,0,65,121,56,121
2017-7290-d683-se73,1:21:00,81,8,64,107,43,107
2017-7290-f811-sh90,1:27:00,87,4,71,130,59,130
2017-7290-d985-e831,2:05:00,125,6,96,193,97,193
2017-7290-a479-pd31,0:53:00,53,4,54,89,35,89
2017-7290-a678-ce25,1:14:00,74,5,64,112,48,112
2017-7290-b884-y218,1:54:00,114,0,71,130,59,130
2017-7290-da81-o376,2:55:00,175,0,117,225,108,225
2017-7290-e698-j267,2:16:00,136,0,97,185,88,185
2017-7290-sn54-i165,1:11:00,71,2,56,89,33,89
2017-7290-h940-g476,1:59:00,119,6,88,164,76,164
2017-7290-r419-d864,1:13:00,73,2,58,98,40,98
2017-7290-s483-m850,1:11:00,71,0,55,114,59,114
2017-7290-y218-e873,1:11:00,71,1,57,94,37,94
2017-7290-f811-re44,1:12:00,72,0,63,113,50,113
2017-7290-d985-o482,1:17:00,77,0,61,107,46,107
2017-7290-ce25-d750,1:40:00,100,0,77,141,64,141
2017-7290-e873-j551,2:14:00,134,5,113,212,99,212
2017-7290-re44-g940,1:18:00,78,8,71,131,60,131
2017-7290-f811-la93,2:05:00,125,5,103,195,92,195
2017-7290-o482-ca33,1:18:00,78,0,63,108,45,108
2017-7290-ce25-gb53,0:57:00,57,1,55,83,28,83
2017-7290-d750-lc11,1:30:00,90,3,78,139,61,139
2017-7290-d985-g858,0:23:00,23,1,25,36,11,36
2017-7290-y218-mm60,2:55:00,175,8,113,222,109,222
2017-7163-r975-t840,1:06:00,66,5,52,97,45,97
2017-7163-c977-sm37,1:39:00,99,2,71,128,57,128
2017-7163-c977-r975,2:01:00,121,9,90,160,70,160
2017-7163-r975-ta46,1:50:00,110,25,87,167,80,167
2017-7163-sm37-l987,1:32:00,92,2,71,125,54,125
2017-7163-r975-bh09,2:36:00,156,13,112,210,98,210
2017-7163-t840-db63,0:50:00,50,2,41,72,31,72
2017-7163-c977-d632,0:45:00,45,7,51,70,19,70
2017-7163-c977-d923,1:10:00,70,1,59,101,42,101
2017-7163-sm37-tc61,1:22:00,82,3,59,99,40,99
2017-7163-db63-l503,1:17:00,77,0,56,98,42,98
2017-7163-t840-ke29,1:37:00,97,2,76,148,72,148
2017-7163-ta46-sc73,1:31:00,91,5,72,130,58,130
2017-7163-d632-v708,0:52:00,52,1,52,79,27,79
2017-7163-l987-y061,1:54:00,114,4,95,171,76,171
2017-7163-t840-b837,1:35:00,95,2,80,144,64,144
2017-7163-ta46-sk47,1:57:00,117,6,102,191,89,191
2017-7163-l987-cg80,2:41:00,161,2,109,216,107,216
2017-7163-bh09-f724,2:48:00,168,5,117,232,115,232
2017-7163-d632-sc56,1:41:00,101,0,81,150,69,150
2017-7163-db63-bc72,1:19:00,79,2,66,116,50,116
2017-7163-sc73-bh76,2:06:00,126,2,95,172,77,172
2017-7163-ke29-bg23,2:02:00,122,9,108,195,87,195
2017-7163-d923-te51,1:28:00,88,1,75,138,63,138
2017-7163-tc61-mb53,2:08:00,128,10,91,155,64,155
2017-7163-v708-g710,2:15:00,135,3,92,186,94,186
2017-7163-y061-i306,2:02:00,122,2,91,171,80,171
2017-7163-mb53-sk47,1:17:00,77,2,61,97,36,97
2017-7163-bh76-ga71,1:14:00,74,1,61,97,36,97
2017-7163-te51-v717,1:38:00,98,2,78,143,65,143
2017-7163-bc72-ki95,1:20:00,80,4,65,119,54,119
2017-7163-ga71-k839,2:20:00,140,6,99,186,87,186
2017-7163-ki95-be67,1:03:00,63,2,58,93,35,93
2017-7163-sk47-ch05,1:10:00,70,2,65,112,47,112
2017-7163-mb53-sh37,1:43:00,103,1,77,133,56,133
2017-7163-v717-d916,2:11:00,131,0,95,181,86,181
2017-7163-bh76-me56,1:07:00,67,2,64,105,41,105
2017-7163-te51-dh58,1:21:00,81,2,64,109,45,109
2017-7163-bc72-r750,3:00:00,180,6,123,244,121,244
2017-308-pc11-ch27,2:39:00,159,9,113,223,110,223
2017-308-z355-bd06,1:34:00,94,9,72,132,60,132
2017-308-bd06-h997,1:08:00,68,2,67,112,45,112
2017-308-z355-pc11,1:13:00,73,8,60,106,46,106
2017-308-ch27-k966,1:38:00,98,4,91,176,85,176
2017-308-pc11-z184,2:38:00,158,7,114,223,109,223
2017-308-z355-sl28,2:13:00,133,14,101,211,110,211
2017-308-ch27-mc65,1:12:00,72,2,68,118,50,118
2017-308-z355-ca12,1:15:00,75,5,69,124,55,124
2017-308-bd06-ca99,2:29:00,149,2,112,216,104,216
2017-308-z184-k435,1:39:00,99,8,74,144,70,144
2017-308-pc11-f510,1:07:00,67,6,62,107,45,107
2017-308-sl28-h355,1:28:00,88,7,71,134,63,134
2017-308-k435-rh16,1:08:00,68,3,67,116,49,116
2017-308-h997-bd20,2:19:00,139,3,109,217,108,217
2017-308-k966-z168,0:49:00,49,2,53,81,28,81
2017-308-bd20-k926,1:18:00,78,4,68,119,51,119
2017-308-z168-ba65,1:41:00,101,6,97,184,87,184
2017-308-ca12-kc04,1:06:00,66,6,61,104,43,104
2017-308-sl28-mn20,1:04:00,64,10,62,111,49,111
2017-308-ch27-mn13,2:18:00,138,4,108,207,99,207
2017-308-h355-sc77,1:34:00,94,4,78,145,67,145
2017-308-ca99-mj08,1:58:00,118,7,93,176,83,176
2017-308-h997-mi43,1:42:00,102,8,92,175,83,175
2017-308-k966-kc29,1:51:00,111,6,90,171,81,171
2017-308-pc11-sk94,0:57:00,57,2,58,84,26,84
2017-308-z184-sa93,2:10:00,130,6,94,177,83,177
2017-308-kc04-j400,1:34:00,94,4,72,134,62,134
2017-308-h997-i236,1:22:00,82,3,75,137,62,137
2017-308-pc11-mg08,1:10:00,70,5,62,108,46,108
2017-308-sk94-j397,1:38:00,98,4,79,141,62,141
2017-308-sk94-b747,1:21:00,81,3,61,109,48,109
2017-308-mg08-bk92,0:52:00,52,0,57,94,37,94
2017-308-h997-d981,2:23:00,143,8,113,223,110,223
2017-308-kc04-mh16,1:18:00,78,4,62,111,49,111
2017-308-i236-z09i,1:01:00,61,7,58,90,32,90
2017-308-pc11-e678,1:38:00,98,2,80,146,66,146
2017-308-j397-bc65,1:43:00,103,9,87,170,83,170
2017-1536-n409-gb88,2:00:00,120,0,84,148,64,148
2017-1536-n409-tb69,2:18:00,138,4,88,167,79,167
2017-1536-n409-d643,1:39:00,99,2,65,113,48,113
2017-1536-tb69-c882,1:24:00,84,3,69,128,59,128
2017-1536-d643-l397,1:33:00,93,6,63,121,58,121
2017-1536-cg80-mc10,1:25:00,85,3,58,105,47,105
2017-1536-tb69-cg80,1:19:00,79,0,62,105,43,105
2017-1536-c882-z355,1:30:00,90,0,73,140,67,140
2017-1536-n409-ke17,1:12:00,72,5,67,107,40,107
2017-1536-gb88-r975,1:15:00,75,4,60,101,41,101
2017-1536-tb69-d875,2:35:00,155,9,112,223,111,223
2017-1536-n552-f401,1:25:00,85,1,58,103,45,103
2017-1536-z355-ba47,1:15:00,75,5,59,108,49,108
2017-1536-c882-pd31,1:37:00,97,1,81,156,75,156
2017-1536-mc10-ca99,1:24:00,84,3,65,115,50,115
2017-1536-d643-a479,2:15:00,135,7,97,179,82,179
2017-1536-n409-f510,2:57:00,177,5,120,233,113,233
2017-1536-pd31-w367,1:48:00,108,10,100,190,90,190
2017-1536-r975-ma30,1:10:00,70,10,63,108,45,108
2017-1536-n552-sm37,2:00:00,120,5,93,174,81,174
2017-1536-z355-c977,2:35:00,155,7,116,224,108,224
2017-1536-tb69-dc58,1:15:00,75,6,62,109,47,109
2017-1536-gb88-mb02,1:15:00,75,9,73,121,48,121
2017-1536-ba47-h756,1:29:00,89,5,77,140,63,140
2017-1536-d875-k336,1:16:00,76,9,65,117,52,117
2017-1536-ke17-h940,0:59:00,59,8,61,101,40,101
2017-1536-cg80-h996,1:26:00,86,5,69,126,57,126
2017-1536-c882-m873,2:12:00,132,3,103,194,91,194
2017-1536-gb88-ke29,1:42:00,102,3,81,146,65,146
2017-1536-l397-sd32,2:12:00,132,14,87,170,83,170
2017-1536-t786-kb54,2:50:00,170,9,138,267,129,267
2017-1536-ba47-i165,1:03:00,63,10,54,95,41,95
2017-1536-d875-k435,1:48:00,108,9,83,160,77,160
2017-1536-m873-sm25,1:58:00,118,2,83,174,91,174
2017-1536-h996-pf39,2:09:00,129,22,107,205,98,205
2017-1536-sd32-mc65,2:02:00,122,2,89,166,77,166
2017-1536-ke17-b837,1:17:00,77,14,67,122,55,122
2017-1536-a479-r419,1:39:00,99,9,85,155,70,155
2017-1536-ca99-g476,2:52:00,172,10,119,234,115,234
2017-1536-cg80-z168,1:29:00,89,10,80,141,61,141
2017-1536-c882-bd20,2:34:00,154,7,106,217,111,217
2017-1536-dc58-me82,1:37:00,97,7,77,140,63,140
2017-1536-f401-k926,2:29:00,149,3,100,204,104,204
2017-1536-f510-sh90,1:08:00,68,3,60,110,50,110
2017-1536-h756-e687,1:20:00,80,8,70,123,53,123
2017-1536-h940-ta46,1:51:00,111,15,104,190,86,190
2017-1536-k336-bd06,3:01:00,181,35,132,264,132,264
2017-1536-l397-e873,1:14:00,74,9,64,115,51,115
2017-1536-mb02-g710,1:45:00,105,2,82,153,71,153
2017-1536-pd31-cd85,1:15:00,75,5,72,134,62,134
2017-1536-ma30-h355,1:31:00,91,13,76,136,60,136
2017-1536-sm37-r772,1:11:00,71,0,60,97,37,97
2017-1536-z355-v306,1:23:00,83,7,68,123,55,123
2017-1536-k926-cg80,1:52:00,112,3,79,150,71,150
2017-1536-me82-g725,1:29:00,89,0,78,145,67,145
2017-1536-bd20-y061,1:10:00,70,5,66,113,47,113
2017-1536-h996-sa93,1:46:00,106,11,85,165,80,165
2017-1536-i165-dc58,1:38:00,98,13,80,154,74,154
2017-1536-kb54-l797,1:29:00,89,3,80,142,62,142
2017-1536-e873-ki74,1:00:00,60,6,54,91,37,91
2017-1536-me82-mu94,2:13:00,133,1,92,190,98,190
2017-1536-cg80-la93,2:21:00,141,6,99,190,91,190
2017-1536-bd20-d864,1:21:00,81,4,65,121,56,121
2017-1536-ki74-bg23,1:13:00,73,3,68,116,48,116
2017-1536-sa93-te16,1:09:00,69,3,65,112,47,112
2017-1536-i165-ca33,1:33:00,93,4,83,144,61,144
2017-1536-kb54-rh16,1:14:00,74,7,74,131,57,131
2017-1536-k926-m915,2:23:00,143,0,98,204,106,204
2017-1536-dc58-e224,1:36:00,96,4,79,143,64,143
2017-1536-g725-mj08,2:23:00,143,9,115,226,111,226
2017-1536-l797-d801,1:37:00,97,6,86,163,77,163
2017-1536-e873-d646,0:55:00,55,4,53,83,30,83
2017-1536-h996-j397,1:16:00,76,8,74,128,54,128
2017-1536-y061-cf59,2:05:00,125,0,91,179,88,179
2017-416-z355-i186,1:57:00,117,12,96,171,75,171
2017-416-d643-tb69,1:00:00,60,2,55,80,25,80
2017-416-z355-d643,1:21:00,81,7,64,112,48,112
2017-416-d643-d683,1:31:00,91,4,60,107,47,107
2017-416-tb69-n409,1:51:00,111,2,75,137,62,137
2017-416-z355-r975,1:30:00,90,4,73,126,53,126
2017-416-d643-bd06,1:42:00,102,6,69,126,57,126
2017-416-i186-c977,2:38:00,158,21,103,212,109,212
2017-416-i186-w367,1:26:00,86,19,72,133,61,133
2017-416-n409-sm25,1:21:00,81,3,56,95,39,95
2017-416-r975-ba47,1:02:00,62,6,54,86,32,86
2017-416-c977-gb88,1:25:00,85,7,69,122,53,122
2017-416-tb69-q927,1:56:00,116,8,91,175,84,175
2017-416-d683-n552,1:54:00,114,8,72,133,61,133
2017-416-z355-f510,1:18:00,78,0,66,115,49,115
2017-416-f510-mc10,1:34:00,94,3,68,122,54,122
2017-416-w367-pd31,1:42:00,102,2,79,158,79,158
2017-416-n409-a479,0:24:00,24,2,19,30,11,30
2017-416-d643-bh09,1:46:00,106,4,78,142,64,142
2017-416-r975-h355,1:15:00,75,10,63,111,48,111
2017-416-c977-h940,1:22:00,82,10,74,127,53,127
2017-416-n552-f401,1:21:00,81,3,63,113,50,113
2017-416-tb69-c882,1:44:00,104,3,80,147,67,147
2017-416-gb88-v306,1:56:00,116,4,87,161,74,161
2017-416-ba47-b884,1:27:00,87,3,64,116,52,116
2017-416-sm25-v708,2:35:00,155,4,114,219,105,219
2017-416-bd06-cd85,2:38:00,158,1,113,210,97,210
2017-416-z355-t840,1:21:00,81,9,69,120,51,120
2017-416-d683-e831,1:45:00,105,7,67,124,57,124
2017-416-q927-sl28,1:14:00,74,7,70,129,59,129
2017-416-i186-mb02,1:35:00,95,21,81,157,76,157
2017-416-gb88-bd20,2:31:00,151,9,102,190,88,190
2017-416-d683-d875,2:08:00,128,7,82,156,74,156
2017-416-q927-pf39,1:53:00,113,14,96,182,86,182
2017-416-ba47-z168,1:49:00,109,0,82,158,76,158
2017-416-sm25-sm37,2:10:00,130,2,90,184,94,184
2017-416-z355-a678,2:25:00,145,4,98,194,96,194
2017-416-cd85-sd32,1:15:00,75,3,57,99,42,99
2017-416-i186-r772,2:07:00,127,32,100,187,87,187
2017-416-a479-sa93,1:57:00,117,5,87,164,77,164
2017-416-bh09-ml57,2:11:00,131,6,88,165,77,165
2017-416-bd06-d801,1:06:00,66,5,61,108,47,108
2017-416-b884-h756,2:07:00,127,5,80,151,71,151
2017-416-c882-me82,1:48:00,108,5,78,150,72,150
2017-416-e831-sh90,1:10:00,70,12,57,102,45,102
2017-416-f510-bk40,1:11:00,71,0,63,100,37,100
2017-416-h355-e873,2:23:00,143,9,113,215,102,215
2017-416-f401-l397,1:56:00,116,1,90,163,73,163
2017-416-h940-dc58,2:25:00,145,7,99,195,96,195
2017-416-mb02-mj08,1:08:00,68,8,64,109,45,109
2017-416-pd31-m873,1:12:00,72,3,62,108,46,108
2017-416-sl28-ta46,2:02:00,122,18,108,194,86,194
2017-416-t840-n679,1:29:00,89,6,77,138,61,138
2017-416-v306-y124,1:09:00,69,3,58,102,44,102
2017-416-v708-e687,1:16:00,76,1,61,101,40,101
2017-416-sl28-i165,1:31:00,91,4,66,121,55,121
2017-416-me82-dc58,1:30:00,90,1,64,113,49,113
2017-416-mj08-bd20,1:58:00,118,6,85,163,78,163
2017-416-bh09-o376,1:36:00,96,0,69,128,59,128
2017-416-a678-e873,1:03:00,63,9,60,97,37,97
2017-416-b884-a622,1:37:00,97,1,73,127,54,127
2017-416-a479-d801,1:11:00,71,12,66,124,58,124
2017-416-sl28-da81,0:59:00,59,10,55,86,31,86
2017-416-me82-ce25,2:35:00,155,6,100,199,99,199
2017-416-bd20-d923,1:11:00,71,1,64,108,44,108
2017-416-bh09-l797,1:11:00,71,6,65,107,42,107
2017-416-a678-v495,1:39:00,99,5,82,138,56,138
2017-416-a479-su87,2:19:00,139,3,97,186,89,186
2017-416-b884-g725,1:02:00,62,2,59,92,33,92
2017-416-dc58-ca99,1:45:00,105,5,78,151,73,151
2017-416-o376-k926,0:56:00,56,0,51,82,31,82
2017-416-i165-ph64,1:44:00,104,5,75,144,69,144
2017-416-e873-g983,1:14:00,74,3,61,105,44,105
2017-416-a622-e224,2:20:00,140,2,106,191,85,191
2017-416-d801-kc86,2:07:00,127,10,110,216,106,216
2017-416-mj08-h996,1:36:00,96,6,82,141,59,141
2017-322-z168-n552,2:17:00,137,3,99,191,92,191
2017-322-w367-z168,2:20:00,140,3,100,186,86,186
2017-322-w367-q927,1:50:00,110,8,90,170,80,170
2017-322-n552-a678,2:30:00,150,0,99,194,95,194
2017-322-kb54-sk94,1:58:00,118,4,88,178,90,178
2017-322-z168-j386,1:35:00,95,6,78,138,60,138
2017-322-w367-kb54,1:39:00,99,9,83,152,69,152
2017-322-w367-sc73,0:37:00,37,3,25,44,19,44
2017-322-n552-k926,1:22:00,82,6,68,122,54,122
2017-322-kb54-r772,1:29:00,89,5,73,129,56,129
2017-322-z168-i186,2:00:00,120,11,105,188,83,188
2017-322-q927-sf76,0:49:00,49,7,52,81,29,81
2017-322-a678-dc58,2:35:00,155,15,124,227,103,227
2017-322-j386-z184,0:51:00,51,5,50,79,29,79
2017-322-sk94-t742,1:03:00,63,0,41,78,37,78
2017-322-j386-r612,1:09:00,69,5,61,106,45,106
2017-322-q927-ae14,1:20:00,80,10,70,128,58,128
2017-322-a678-l503,1:58:00,118,11,85,158,73,158
2017-322-t742-h940,1:47:00,107,5,74,143,69,143
2017-322-dc58-e224,1:19:00,79,4,63,111,48,111
2017-322-k926-mj01,1:04:00,64,2,57,90,33,90
2017-322-sc73-sh90,2:00:00,120,7,91,174,83,174
2017-322-kb54-bd20,1:56:00,116,5,99,177,78,177
2017-322-sf76-r419,2:03:00,123,8,100,182,82,182
2017-322-sk94-sl28,2:17:00,137,10,101,199,98,199
2017-322-z184-l987,1:59:00,119,3,83,175,92,175
2017-322-z168-h756,2:13:00,133,7,109,218,109,218
2017-322-z168-pc68,2:32:00,152,10,122,230,108,230
2017-322-mj01-c582,1:10:00,70,4,61,103,42,103
2017-322-ae14-mi33,1:04:00,64,7,64,110,46,110
2017-322-sf76-sk94,2:53:00,173,4,120,241,121,241
2017-322-c582-f444,1:47:00,107,5,86,160,74,160
2017-322-z168-wb25,1:16:00,76,3,64,106,42,106
2017-322-mi33-bt64,1:04:00,64,3,61,109,48,109
2017-322-sk94-h896,2:02:00,122,2,95,184,89,184
2017-322-sf76-bk40,1:44:00,104,4,77,149,72,149
2017-322-mj01-r750,0:21:00,21,1,19,29,10,29
2017-322-pc68-g602,0:16:00,16,0,10,17,7,17
2017-322-ae14-w579,1:10:00,70,2,59,103,44,103
2017-7694-t786-bg23,1:48:00,108,14,92,168,76,168
2017-7694-t786-ba47,1:47:00,107,13,81,146,65,146
2017-7694-ba47-r975,1:53:00,113,9,81,159,78,159
2017-7694-r975-e698,1:33:00,93,4,73,137,64,137
2017-7694-t786-ke29,1:04:00,64,3,60,95,35,95
2017-7694-bg23-kc29,1:05:00,65,2,63,108,45,108
2017-7694-ba47-sd32,1:17:00,77,4,61,103,42,103
2017-7694-r975-i165,1:21:00,81,8,67,110,43,110
2017-7694-t786-b884,2:23:00,143,8,96,178,82,178
2017-7694-kc29-ke17,1:36:00,96,1,82,154,72,154
2017-7694-sd32-e831,2:43:00,163,2,106,218,112,218
2017-7694-ba47-ch27,1:23:00,83,5,69,120,51,120
2017-7694-bg23-sa93,1:17:00,77,2,62,122,60,122
2017-7694-ke29-tc61,1:34:00,94,5,83,142,59,142
2017-7694-e698-d683,1:53:00,113,6,84,159,75,159
2017-7694-sd32-mm58,2:17:00,137,4,114,210,96,210
2017-7694-d683-hb64,1:36:00,96,6,75,138,63,138
2017-7694-bg23-cg80,2:35:00,155,3,112,218,106,218
2017-7694-tc61-pd31,2:33:00,153,6,128,256,128,256
2017-7694-ch27-y124,1:01:00,61,8,61,96,35,96
2017-7694-b884-sl08,1:37:00,97,3,73,126,53,126
2017-7694-e831-mj08,1:51:00,111,4,80,153,73,153
2017-7694-e698-a829,1:59:00,119,7,87,165,78,165
2017-7694-ke29-o376,1:12:00,72,4,63,108,45,108
2017-7694-i165-kd46,1:09:00,69,10,60,99,39,99
2017-7694-kc29-ba65,1:07:00,67,1,60,106,46,106
2017-7694-sa93-d923,1:48:00,108,1,76,147,71,147
2017-7694-e831-sl08,1:30:00,90,1,73,131,58,131
2017-7694-ch27-hb64,1:23:00,83,4,67,125,58,125
2017-7694-kc29-pb22,1:13:00,73,1,70,112,42,112
2017-7694-e698-o376,1:50:00,110,2,75,140,65,140
2017-7694-e831-l908,1:31:00,91,6,76,135,59,135
2017-7694-ch27-l941,1:14:00,74,3,56,98,42,98
2017-7694-kc29-l950,1:17:00,77,2,62,116,54,116
2017-7694-o376-be68,1:58:00,118,5,98,186,88,186
2017-7694-e698-bt68,2:10:00,130,3,101,182,81,182
2017-7694-sl08-mp20,1:16:00,76,4,62,106,44,106
2017-7694-hb64-dh58,2:29:00,149,17,118,225,107,225
2017-7694-pb22-me56,1:48:00,108,8,92,176,84,176
2017-520-n409-w367,2:05:00,125,4,94,151,57,151
2017-520-w367-mc10,4:34:00,274,6,179,339,160,339
2017-520-n409-tb69,2:07:00,127,2,94,155,61,155
2017-520-mc10-n552,2:39:00,159,3,109,200,91,200
2017-520-w367-c977,1:40:00,100,3,88,145,57,145
2017-520-mc10-ke29,2:04:00,124,5,90,160,70,160
2017-520-tb69-d643,2:15:00,135,2,105,186,81,186
2017-520-n409-cd85,0:51:00,51,0,34,54,20,54
2017-520-d643-r772,2:27:00,147,3,111,198,87,198
2017-520-w367-mc65,2:43:00,163,3,116,217,101,217
2017-520-n409-bd06,1:51:00,111,4,88,144,56,144
2017-520-cd85-r975,4:17:00,257,10,193,382,189,382
2017-520-tb69-z184,1:40:00,100,4,88,139,51,139
2017-520-c977-a678,0:48:00,48,4,40,65,25,65
2017-520-n552-v306,2:34:00,154,4,111,221,110,221
2017-520-n409-bg23,1:30:00,90,3,82,118,36,118
2017-520-mc10-d683,2:53:00,173,5,118,210,92,210
2017-520-d643-sm37,3:19:00,199,7,153,267,114,267
2017-520-w367-f510,1:52:00,112,6,96,165,69,165
2017-520-tb69-j386,2:03:00,123,10,118,198,80,198
2017-520-c977-l397,1:47:00,107,8,92,152,60,152
2017-520-r975-g476,0:28:00,28,5,33,48,15,48
2017-520-n552-ch27,3:51:00,231,7,164,324,160,324
2017-520-cd85-d875,2:18:00,138,0,108,200,92,200
2017-520-z184-gb88,0:57:00,57,0,32,68,36,68
2017-520-mc65-g628,2:24:00,144,4,107,206,99,206
2017-520-r772-pf39,3:42:00,222,2,160,307,147,307
2017-520-ke29-i186,3:00:00,180,8,151,285,134,285
2017-520-bd06-v708,2:03:00,123,4,94,169,75,169
2017-520-v306-c882,1:33:00,93,2,94,147,53,147
2017-520-a678-e831,3:59:00,239,24,174,328,154,328
2017-520-mc10-k966,3:35:00,215,9,144,262,118,262
2017-520-d643-sh90,2:07:00,127,2,99,171,72,171
2017-520-n409-h756,1:49:00,109,4,86,146,60,146
2017-520-w367-d801,2:34:00,154,16,120,226,106,226
2017-520-r975-sc73,2:23:00,143,25,127,231,104,231
2017-520-tb69-ba98,2:23:00,143,8,121,214,93,214
2017-520-c977-k776,1:38:00,98,11,94,155,61,155
2017-520-n552-ca12,1:57:00,117,5,97,169,72,169
2017-520-gb88-sc77,2:34:00,154,6,131,231,100,231
2017-520-d875-r419,2:13:00,133,4,103,185,82,185
2017-520-ke29-ba47,2:13:00,133,12,102,192,90,192
2017-520-mc65-mj08,1:31:00,91,6,82,130,48,130
2017-520-pf39-bd20,2:08:00,128,5,105,188,83,188
2017-520-bd06-k926,2:55:00,175,3,134,256,122,256
2017-520-a678-ke17,2:36:00,156,21,126,234,108,234
2017-520-r772-bm95,1:24:00,84,8,82,125,43,125
2017-520-cd85-da81,2:41:00,161,15,136,251,115,251
2017-520-i186-l503,2:10:00,130,21,104,193,89,193
2017-520-c882-kc29,2:00:00,120,2,89,172,83,172
2017-520-z184-k336,2:13:00,133,8,109,198,89,198
2017-520-g628-e224,1:44:00,104,5,95,153,58,153
2017-520-j386-cg80,3:53:00,233,12,150,297,147,297
2017-520-f510-sa93,2:20:00,140,5,110,205,95,205
2017-520-d683-a479,1:30:00,90,6,54,110,56,110
2017-520-bg23-t840,2:38:00,158,2,136,258,122,258
2017-520-l397-f401,3:52:00,232,11,173,345,172,345
2017-520-ch27-i165,1:51:00,111,3,95,155,60,155
2017-520-e831-o376,2:02:00,122,1,98,172,74,172
2017-520-sm37-n679,2:08:00,128,2,109,195,86,195
2017-520-g476-ta29,2:27:00,147,7,122,226,104,226
2017-520-v306-h996,3:29:00,209,5,158,300,142,300
2017-520-v708-bh09,2:52:00,172,13,129,241,112,241
2017-520-mc10-kb54,2:32:00,152,2,118,200,82,200
2017-520-d643-g710,2:27:00,147,5,107,189,82,189
2017-520-n409-pd31,1:52:00,112,1,91,148,57,148
2017-520-r975-d632,1:32:00,92,15,86,141,55,141
2017-520-w367-kc04,1:57:00,117,2,106,190,84,190
2017-520-tb69-ta46,1:20:00,80,11,88,140,52,140
2017-520-n552-kd46,3:02:00,182,3,138,257,119,257
2017-520-c977-g858,1:41:00,101,8,90,156,66,156
2017-520-v306-z355,2:53:00,173,0,132,255,123,255
2017-520-gb88-m850,1:50:00,110,12,98,158,60,158
2017-520-d875-r612,1:49:00,109,8,93,157,64,157
2017-520-o376-t786,3:31:00,211,0,164,326,162,326
2017-520-ba47-sl28,2:32:00,152,5,128,231,103,231
2017-520-v708-sm25,2:41:00,161,7,120,221,101,221
2017-520-mc65-ba65,1:30:00,90,2,102,176,74,176
2017-520-bd06-mh30,2:14:00,134,3,102,182,80,182
2017-520-ke17-k435,1:51:00,111,20,98,182,84,182
2017-520-pf39-b747,3:21:00,201,17,150,297,147,297
2017-520-r772-ca99,3:06:00,186,4,137,243,106,243
2017-520-c882-hb35,2:03:00,123,7,111,199,88,199
2017-520-i186-tc61,2:37:00,157,31,129,246,117,246
2017-520-cd85-mb02,1:36:00,96,9,101,174,73,174
2017-520-k336-te51,2:14:00,134,10,114,209,95,209
2017-520-g628-d981,2:10:00,130,7,110,195,85,195
2017-520-g476-ma30,3:27:00,207,17,149,267,118,267
2017-520-j386-se73,3:34:00,214,13,168,324,156,324
2017-520-ch27-q927,2:15:00,135,6,122,224,102,224
2017-520-d683-pc11,1:49:00,109,13,92,155,63,155
2017-520-f401-y124,4:27:00,267,13,214,396,182,396
2017-520-f510-td51,2:45:00,165,3,125,250,125,250
2017-520-bg23-sd32,2:25:00,145,0,111,209,98,209
2017-520-a678-j267,2:35:00,155,13,121,226,105,226
2017-520-n679-z168,2:42:00,162,6,128,234,106,234
2017-520-a479-b837,3:15:00,195,16,155,289,134,289
2017-520-bh09-h940,1:59:00,119,12,102,172,70,172
2017-520-ba98-m873,1:47:00,107,4,94,159,65,159
2017-520-bd20-l987,2:58:00,178,9,145,274,129,274
2017-520-bm95-mm58,2:27:00,147,4,123,236,113,236
2017-520-ca12-a829,2:09:00,129,11,105,192,87,192
2017-520-da81-j397,2:24:00,144,8,108,193,85,193
2017-520-cg80-bk19,2:27:00,147,4,106,189,83,189
2017-520-d801-b884,2:10:00,130,4,95,181,86,181
2017-520-sc73-y061,4:11:00,251,11,178,354,176,354
2017-520-e224-g681,4:20:00,260,9,182,360,178,360
2017-520-h756-dh58,1:36:00,96,7,89,152,63,152
2017-520-e831-e698,1:46:00,106,3,90,156,66,156
2017-520-h996-dc58,2:11:00,131,9,103,196,93,196
2017-520-i165-e873,1:58:00,118,11,103,186,83,186
2017-520-kc29-d923,2:13:00,133,0,111,215,104,215
2017-520-ke29-j551,2:45:00,165,9,139,268,129,268
2017-520-k966-lc12,3:39:00,219,4,147,303,156,303
2017-520-k776-d874,2:25:00,145,7,109,212,103,212
2017-520-k926-sl08,1:47:00,107,2,93,156,63,156
2017-520-l397-f811,2:01:00,121,14,102,184,82,184
2017-520-l503-be90,1:47:00,107,8,100,166,66,166
2017-520-mj08-mp20,3:43:00,223,5,165,317,152,317
2017-520-r419-e687,2:27:00,147,6,120,212,92,212
2017-520-sm37-re44,3:30:00,210,3,154,312,158,312
2017-520-sa93-g725,2:11:00,131,11,119,202,83,202
2017-520-sc77-l575,2:07:00,127,16,103,191,88,191
2017-520-sh90-t742,3:08:00,188,6,142,271,129,271
2017-520-ta29-hb64,3:54:00,234,3,183,358,175,358
2017-520-t840-d864,2:17:00,137,6,116,210,94,210
2017-520-z184-me82,2:12:00,132,4,97,174,77,174
2017-520-ca99-g967,2:35:00,155,4,122,236,114,236
2017-520-kc04-gb93,1:49:00,109,2,85,171,86,171
2017-520-da81-re44,2:58:00,178,0,116,234,118,234
2017-520-ba98-cf01,1:19:00,79,2,68,122,54,122
2017-520-g725-a887,1:16:00,76,3,53,92,39,92
2017-520-f811-mi43,2:38:00,158,9,119,236,117,236
2017-520-pc11-j620,2:26:00,146,0,109,199,90,199
2017-520-m850-kb09,1:35:00,95,2,77,141,64,141
2017-520-sc77-sk67,2:18:00,138,4,103,196,93,196
2017-520-d981-mn20,1:26:00,86,5,74,132,58,132
2017-520-g681-s483,2:11:00,131,6,108,201,93,201
2017-520-hb35-q941,1:06:00,66,0,65,109,44,109
2017-520-j551-o522,1:49:00,109,13,95,190,95,190
2017-520-n679-bk92,2:14:00,134,2,116,221,105,221
2017-520-ta29-da67,1:51:00,111,3,95,184,89,184
2017-520-te51-o449,1:11:00,71,0,68,114,46,114
2017-520-ca99-i305,1:13:00,73,6,61,104,43,104
2017-520-da81-ph42,1:17:00,77,5,65,111,46,111
2017-520-gb93-u134,1:26:00,86,8,82,143,61,143
2017-520-cf01-ce25,1:10:00,70,1,62,98,36,98
2017-520-g725-i236,1:03:00,63,2,58,99,41,99
2017-520-da67-g983,2:24:00,144,4,102,199,97,199
2017-520-pc11-pg94,2:29:00,149,5,112,211,99,211
2017-520-mi43-me31,1:03:00,63,4,59,93,34,93
2017-520-m850-g892,1:27:00,87,4,67,113,46,113
2017-520-hb35-k834,2:06:00,126,4,94,181,87,181
2017-520-re44-be67,1:59:00,119,6,101,187,86,187
2017-520-j620-rh16,1:43:00,103,2,78,146,68,146
2017-520-kc04-v495,1:15:00,75,3,60,108,48,108
2017-520-sc77-ke64,2:18:00,138,9,106,200,94,200
2017-520-a887-sf62,1:26:00,86,4,67,132,65,132
2017-520-ba98-mn13,1:41:00,101,0,73,144,71,144
2017-520-o449-db63,2:46:00,166,4,128,252,124,252
2017-520-bk92-pb22,1:50:00,110,12,98,195,97,195
2017-520-d981-g585,2:07:00,127,5,95,182,87,182
2017-520-g967-da86,1:21:00,81,10,73,130,57,130
2017-520-g681-mk66,2:03:00,123,1,93,175,82,175
2017-520-f811-ka98,1:29:00,89,1,78,147,69,147
2017-520-j551-pg20,1:13:00,73,5,64,117,53,117
2017-520-kb09-o408,1:16:00,76,0,67,122,55,122
2017-520-mn20-kb05,1:04:00,64,1,57,101,44,101
2017-520-n679-f724,2:17:00,137,4,110,205,95,205
2017-520-o522-md56,2:07:00,127,13,97,194,97,194
2017-520-q941-n674,1:20:00,80,8,75,130,55,130
2017-520-s483-d916,1:24:00,84,3,82,147,65,147
2017-520-ta29-k839,1:18:00,78,6,70,124,54,124
2017-520-sk67-y218,2:06:00,126,2,91,174,83,174
2017-520-te51-sj22,1:11:00,71,3,62,108,46,108
2017-520-mn20-pg32,1:47:00,107,1,88,176,88,176
2017-520-ca99-su55,1:23:00,83,2,76,130,54,130
2017-520-j551-bf23,0:23:00,23,8,23,37,14,37
2017-520-da81-mi01,1:25:00,85,0,73,121,48,121
2017-520-gb93-j380,1:10:00,70,7,63,117,54,117
2017-520-n674-l949,0:59:00,59,5,61,108,47,108
2017-520-cf01-bh76,1:24:00,84,1,69,130,61,130
2017-520-te51-f586,1:52:00,112,5,88,159,71,159
2017-520-g725-z189,1:00:00,60,4,63,106,43,106
2017-520-g983-hb48,1:46:00,106,1,83,149,66,149
2017-520-y218-mf35,2:02:00,122,0,86,171,85,171
2017-520-d916-l797,1:15:00,75,0,67,116,49,116
2017-520-pc11-rb56,1:06:00,66,1,58,90,32,90
2017-520-f724-kc86,1:00:00,60,2,59,99,40,99
2017-520-mi43-lb66,1:06:00,66,1,64,106,42,106
2017-520-m850-i230,2:14:00,134,5,104,188,84,188
2017-520-k834-lc11,2:49:00,169,5,126,241,115,241
2017-520-rh16-ra82,1:06:00,66,2,64,107,43,107
2017-520-v495-c582,1:17:00,77,9,67,114,47,114
2017-520-re44-v620,1:00:00,60,4,60,99,39,99
2017-520-sc77-d750,2:05:00,125,6,92,186,94,186
2017-520-a887-bc72,1:28:00,88,3,72,125,53,125
2017-520-mn13-k964,1:09:00,69,2,60,103,43,103
2017-520-ta29-be54,2:05:00,125,4,101,183,82,183
2017-520-pb22-bf55,1:53:00,113,6,89,174,85,174
2017-520-o408-le01,1:22:00,82,1,69,120,51,120
2017-520-g681-cf59,2:26:00,146,5,92,177,85,177
2017-520-db63-b896,1:42:00,102,4,86,158,72,158
2017-520-d981-la93,1:18:00,78,6,71,120,49,120
2017-520-md56-sg64,1:04:00,64,5,58,96,38,96
2017-520-g967-ta12,2:23:00,143,12,125,244,119,244
2017-520-f811-e690,1:03:00,63,2,73,121,48,121
2017-520-be67-ra51,1:21:00,81,3,75,134,59,134
2017-520-ce25-ca33,1:31:00,91,0,72,134,62,134
2017-520-bk92-sk47,1:55:00,115,12,108,196,88,196
2017-520-ba98-gd64,2:25:00,145,4,106,210,104,210
2017-520-da86-c813,1:49:00,109,10,82,152,70,152
2017-520-da67-e678,1:23:00,83,1,72,131,59,131
2017-520-hb35-mb53,1:23:00,83,3,68,117,49,117
2017-520-g585-a853,1:15:00,75,1,63,108,45,108
2017-520-g892-mf90,3:03:00,183,7,124,254,130,254
2017-520-i236-w571,1:02:00,62,8,56,90,34,90
2017-520-j620-bu54,1:44:00,104,5,76,142,66,142
2017-520-i305-cg33,1:04:00,64,1,55,88,33,88
2017-520-k839-r548,1:41:00,101,0,80,163,83,163
2017-520-ka98-sj55,1:08:00,68,2,63,107,44,107
2017-520-kc04-sf36,0:41:00,41,1,32,59,27,59
2017-520-ke64-mw02,2:27:00,147,1,95,187,92,187
2017-520-kb05-g940,2:02:00,122,3,99,188,89,188
2017-520-kb09-sn77,0:56:00,56,1,59,96,37,96
2017-520-me31-z246,1:36:00,96,2,68,125,57,125
2017-520-mk66-sq80,1:11:00,71,0,68,118,50,118
2017-520-n679-ga79,1:24:00,84,5,69,124,55,124
2017-520-o522-m915,2:09:00,129,14,94,192,98,192
2017-520-o449-kc12,1:02:00,62,4,56,86,30,86
2017-520-ph42-bk24,2:24:00,144,5,113,223,110,223
2017-520-pg94-mp01,2:06:00,126,2,90,169,79,169
2017-520-pg20-r383,1:10:00,70,1,62,103,41,103
2017-520-q941-sf41,2:14:00,134,10,103,204,101,204
2017-520-sj22-gb53,2:51:00,171,8,122,233,111,233
2017-520-sk67-r685,1:55:00,115,10,94,185,91,185
2017-520-sf62-mg47,0:52:00,52,5,55,85,30,85
2017-520-s483-w630,0:57:00,57,1,58,99,41,99
2017-520-u134-g676,1:31:00,91,4,80,148,68,148
2017-440-ma30-k336,1:33:00,93,22,78,143,65,143
2017-440-k336-c977,2:44:00,164,29,119,239,120,239
2017-440-c977-pd07,1:17:00,77,9,63,112,49,112
2017-440-ma30-z355,1:25:00,85,5,71,129,58,129
2017-440-z355-b747,0:56:00,56,13,58,96,38,96
2017-440-k336-mm58,0:58:00,58,7,64,112,48,112
2017-440-ma30-bh09,1:43:00,103,8,85,162,77,162
2017-440-c977-t742,1:58:00,118,17,96,173,77,173
2017-440-z355-me82,0:54:00,54,10,56,93,37,93
2017-440-k336-ke64,0:56:00,56,9,55,89,34,89
2017-440-ma30-sa93,1:42:00,102,15,81,153,72,153
2017-440-b747-m873,1:48:00,108,2,93,172,79,172
2017-440-bh09-e873,1:05:00,65,10,66,113,47,113
2017-440-mm58-kd46,1:20:00,80,11,70,127,57,127
2017-440-pd07-d801,1:22:00,82,14,71,132,61,132
2017-440-d801-d632,1:28:00,88,10,81,151,70,151
2017-440-m873-n674,1:10:00,70,15,68,123,55,123
2017-440-mm58-h756,2:18:00,138,7,107,214,107,214
2017-440-bh09-i165,1:19:00,79,8,75,127,52,127
2017-440-b747-d864,2:21:00,141,14,108,223,115,223
2017-440-e873-j380,1:04:00,64,8,59,106,47,106
2017-440-kd46-y061,1:17:00,77,16,69,121,52,121
2017-440-ke64-ba65,1:29:00,89,4,89,171,82,171
2017-440-me82-tc61,1:13:00,73,0,62,108,46,108
2017-440-pd07-gj37,1:18:00,78,5,76,131,55,131
2017-440-sa93-i230,1:48:00,108,14,94,171,77,171
2017-440-t742-se73,2:01:00,121,7,92,174,82,174
2017-440-mm58-sf62,2:00:00,120,12,99,198,99,198
2017-440-pd07-te51,1:30:00,90,6,70,121,51,121
2017-440-i230-b747,1:30:00,90,2,62,115,53,115
2017-440-n674-j380,1:46:00,106,4,92,170,78,170
2017-440-mm58-r548,0:52:00,52,16,60,101,41,101
2017-440-pd07-mb88,2:06:00,126,15,101,185,84,185
2017-440-j380-kc12,1:02:00,62,5,56,93,37,93
2017-440-b747-sf41,1:16:00,76,20,63,120,57,120
2017-440-sf62-gc89,1:45:00,105,7,98,186,88,186
2017-440-i230-kf17,2:23:00,143,5,109,209,100,209
2017-440-te51-b896,1:57:00,117,15,106,202,96,202
2017-440-n674-i305,1:38:00,98,4,80,156,76,156
2017-321-pf39-l397,2:06:00,126,29,99,197,98,197
2017-321-l397-z168,2:04:00,124,15,103,203,100,203
2017-321-pf39-pd31,1:12:00,72,13,75,142,67,142
2017-321-l397-ba47,2:09:00,129,19,100,197,97,197
2017-321-pf39-k435,1:37:00,97,10,81,163,82,163
2017-321-z168-h355,1:07:00,67,16,66,118,52,118
2017-321-h355-f324,1:55:00,115,12,96,201,105,201
2017-321-pd31-j397,1:02:00,62,15,65,115,50,115
2017-321-j397-d875,1:18:00,78,12,61,118,57,118
2017-321-ba47-ta46,1:16:00,76,14,74,131,57,131
2017-321-k435-j386,2:37:00,157,10,122,242,120,242
2017-321-pf39-sl28,2:19:00,139,15,118,244,126,244
2017-321-z168-h997,1:23:00,83,6,81,143,62,143
2017-321-l397-ca12,1:35:00,95,13,81,156,75,156
2017-321-pd31-g967,0:52:00,52,9,59,99,40,99
2017-321-j386-mn13,1:50:00,110,10,90,176,86,176
2017-321-z168-j267,0:54:00,54,7,55,85,30,85
2017-321-l397-sd32,1:26:00,86,8,76,138,62,138
2017-321-pd31-t840,1:03:00,63,6,64,117,53,117
2017-321-ca12-mb02,2:04:00,124,25,116,225,109,225
2017-321-g967-bg23,1:11:00,71,8,75,142,67,142
2017-321-h997-f724,1:10:00,70,4,67,128,61,128
2017-321-h355-h996,1:53:00,113,8,92,180,88,180
2017-321-j397-kb54,1:59:00,119,5,91,180,89,180
2017-321-k435-b837,0:35:00,35,4,29,47,18,47
2017-321-ta46-r612,1:27:00,87,12,97,176,79,176
2017-321-sl28-l797,1:30:00,90,9,82,155,73,155
2017-321-l797-bk92,1:01:00,61,8,74,126,52,126
2017-321-g967-be54,1:15:00,75,8,71,139,68,139
2017-321-f724-c582,1:42:00,102,5,79,147,68,147
2017-321-h997-mh16,1:06:00,66,4,68,115,47,115
2017-321-l797-bc72,1:13:00,73,3,71,128,57,128
2017-321-be54-u134,1:51:00,111,2,96,191,95,191
2017-321-c582-fb98,2:11:00,131,7,114,215,101,215
2017-321-bk92-be67,1:05:00,65,8,73,130,57,130
2017-321-g967-mn20,1:37:00,97,14,101,191,90,191
2017-321-f724-ae14,1:05:00,65,4,57,104,47,104
2017-321-mh16-me31,2:14:00,134,5,109,205,96,205
2017-321-h997-r685,1:28:00,88,7,83,167,84,167
2017-500-f324-ke29,1:25:00,85,3,78,146,68,146
2017-500-f324-z355,0:53:00,53,4,58,91,33,91
2017-500-f324-mb02,1:07:00,67,11,69,127,58,127
2017-500-z355-g628,1:53:00,113,11,90,172,82,172
2017-500-f324-z168,1:31:00,91,5,80,147,67,147
2017-500-ke29-re44,2:16:00,136,19,113,222,109,222
2017-500-z355-bd06,2:13:00,133,19,110,194,84,194
2017-500-g628-h756,1:34:00,94,5,82,148,66,148
2017-500-h756-tb69,1:34:00,94,5,77,147,70,147
2017-500-ke29-n552,0:35:00,35,1,25,47,22,47
2017-500-mb02-pf39,1:47:00,107,8,100,184,84,184
2017-500-re44-y061,1:28:00,88,9,78,140,62,140
2017-500-bd06-ba65,1:48:00,108,1,90,182,92,182
2017-500-g628-ta46,0:58:00,58,6,56,99,43,99
2017-500-z355-k435,1:04:00,64,10,64,108,44,108
2017-500-f324-se73,0:52:00,52,8,58,94,36,94
2017-500-tb69-mn13,1:25:00,85,7,75,137,62,137
2017-500-n552-v306,2:25:00,145,3,110,210,100,210
2017-500-z355-l503,0:59:00,59,7,59,98,39,98
2017-500-g628-mc65,2:02:00,122,1,101,194,93,194
2017-500-pf39-sl28,1:20:00,80,12,72,148,76,148
2017-500-bd06-b884,1:34:00,94,4,86,144,58,144
2017-500-re44-r772,2:37:00,157,4,116,235,119,235
2017-500-ba65-pd07,2:15:00,135,8,112,217,105,217
2017-500-h756-f401,2:00:00,120,3,96,182,86,182
2017-500-ke29-sd32,2:09:00,129,5,103,193,90,193
2017-500-k435-sh90,2:00:00,120,12,94,183,89,183
2017-500-ta46-h355,1:07:00,67,7,66,119,53,119
2017-500-mb02-pd31,0:55:00,55,1,66,108,42,108
2017-500-y061-k336,1:26:00,86,3,77,145,68,145
2017-500-z168-l797,1:15:00,75,7,67,123,56,123
2017-500-y061-se73,3:35:00,215,5,156,312,156,312
2017-500-pd07-e873,0:29:00,29,1,20,34,14,34
2017-500-l797-sa93,1:20:00,80,7,76,144,68,144
2017-500-mn13-bk92,0:48:00,48,4,57,85,28,85
2017-500-se73-h997,1:17:00,77,3,80,145,65,145
2017-500-mn13-i165,1:35:00,95,10,87,173,86,173
2017-500-sa93-mn20,1:04:00,64,2,60,106,46,106
2017-500-e873-v495,1:27:00,87,7,72,140,68,140
2017-500-bk92-kb54,1:28:00,88,10,81,164,83,164
2017-500-pd07-ae14,1:00:00,60,4,55,84,29,84
2017-500-y061-b896,1:02:00,62,6,59,109,50,109
2017-500-l797-be54,1:03:00,63,6,63,110,47,110
2017-311-c977-y124,1:26:00,86,11,79,136,57,136
2017-311-l397-c977,2:32:00,152,19,97,202,105,202
2017-311-l397-d875,2:02:00,122,4,92,178,86,178
2017-311-c977-ma30,2:16:00,136,20,100,185,85,185
2017-311-l397-ba47,2:28:00,148,18,110,220,110,220
2017-311-d875-mm58,1:46:00,106,9,94,180,86,180
2017-311-ma30-q927,1:21:00,81,12,66,128,62,128
2017-311-c977-ke64,1:05:00,65,6,57,90,33,90
2017-311-ba47-su55,2:15:00,135,9,106,207,101,207
2017-311-l397-ca12,1:02:00,62,12,60,106,46,106
2017-311-ma30-t786,1:09:00,69,9,55,99,44,99
2017-311-d875-b747,1:57:00,117,15,91,172,81,172
2017-311-mm58-kd46,0:59:00,59,12,59,92,33,92
2017-311-y124-t840,1:06:00,66,2,62,113,51,113
2017-311-q927-tc61,2:11:00,131,15,105,201,96,201
2017-311-tc61-mc10,1:43:00,103,12,77,142,65,142
2017-311-t786-me82,1:06:00,66,8,65,112,47,112
2017-311-kd46-r975,2:01:00,121,15,90,182,92,182
2017-311-c977-i186,1:02:00,62,10,66,113,47,113
2017-311-l397-w367,1:31:00,91,16,80,150,70,150
2017-311-d875-h940,0:54:00,54,6,57,87,30,87
2017-311-ba47-d632,1:18:00,78,10,68,122,54,122
2017-311-y124-ke17,0:53:00,53,3,40,78,38,78
2017-311-b747-w503,0:57:00,57,5,54,88,34,88
2017-311-ca12-bi23,1:14:00,74,6,68,124,56,124
2017-311-ke64-j386,1:32:00,92,10,79,140,61,140
2017-311-mm58-m873,2:08:00,128,8,109,213,104,213
2017-311-ma30-bg23,2:12:00,132,22,118,222,104,222
2017-311-q927-n771,0:59:00,59,15,67,114,47,114
2017-311-t840-t742,2:44:00,164,11,119,237,118,237
2017-311-ke64-h996,1:14:00,74,2,66,116,50,116
2017-311-su55-e831,2:09:00,129,12,94,190,96,190
2017-311-ca12-tc61,1:39:00,99,8,82,156,74,156
2017-311-b747-k839,1:33:00,93,7,74,139,65,139
2017-311-su55-bi23,1:23:00,83,8,71,131,60,131
2017-311-bi23-td51,1:44:00,104,10,97,174,77,174
2017-311-k839-dc58,1:30:00,90,4,80,142,62,142
2017-311-h996-n679,1:05:00,65,11,61,106,45,106
2017-311-ca12-ca71,1:53:00,113,16,98,180,82,180
2017-311-tc61-kb09,2:06:00,126,10,105,210,105,210
2017-311-b747-sq80,0:59:00,59,8,64,107,43,107
2017-311-su55-o522,1:47:00,107,11,91,177,86,177
2017-311-ke64-d750,1:48:00,108,4,91,176,85,176
2017-7650-se73-b837,2:18:00,138,6,104,195,91,195
2017-7650-me82-v306,1:51:00,111,4,82,159,77,159
2017-7650-me82-sa93,1:33:00,93,5,73,137,64,137
2017-7650-se73-me82,1:29:00,89,5,69,127,58,127
2017-7650-sa93-a829,1:50:00,110,7,90,164,74,164
2017-7650-se73-ae14,0:49:00,49,6,52,78,26,78
2017-7650-b837-rb56,2:43:00,163,9,106,216,110,216
2017-7650-rb56-tb69,1:00:00,60,10,57,95,38,95
2017-7650-a829-l503,1:22:00,82,5,62,108,46,108
2017-7650-ae14-k771,2:28:00,148,15,99,200,101,200
2017-7650-v306-d632,1:24:00,84,6,71,129,58,129
2017-7650-se73-f401,2:16:00,136,6,115,215,100,215
2017-7650-b837-b884,2:21:00,141,7,97,183,86,183
2017-7650-b884-t840,1:59:00,119,3,90,177,87,177
2017-7650-sa93-t742,1:53:00,113,10,81,163,82,163
2017-7650-me82-sk47,1:35:00,95,3,67,124,57,124
2017-7650-me82-cg80,1:36:00,96,7,70,130,60,130
2017-7650-k771-k966,0:53:00,53,14,46,84,38,84
2017-7650-a829-sh90,1:22:00,82,7,70,126,56,126
2017-7650-ae14-e224,2:53:00,173,9,121,241,120,241
2017-7650-b837-bg23,0:49:00,49,9,56,80,24,80
2017-7650-d632-i165,2:21:00,141,12,113,221,108,221
2017-7650-rb56-sc73,1:06:00,66,12,65,115,50,115
2017-7650-sk47-i306,2:15:00,135,11,100,196,96,196
2017-7650-sa93-mq75,1:14:00,74,9,72,125,53,125
2017-7650-t742-hg86,1:24:00,84,10,75,134,59,134
2017-7650-rb56-mg08,1:09:00,69,4,65,117,52,117
2017-7650-se73-e690,1:14:00,74,5,65,112,47,112
2017-7650-e690-ae14,1:53:00,113,4,95,180,85,180
2017-7650-mq75-hg86,1:22:00,82,3,72,133,61,133
2017-7650-sk47-v717,1:10:00,70,2,63,112,49,112
2017-7650-rb56-y178,0:33:00,33,7,52,68,16,68
2017-7650-ae14-y152,1:07:00,67,7,59,109,50,109
2017-7650-hg86-k596,1:42:00,102,22,88,172,84,172
2017-7650-mq75-mu94,1:19:00,79,5,66,121,55,121
2017-7650-v717-j321,1:08:00,68,2,68,124,56,124
2017-7650-sk47-pe02,2:13:00,133,13,110,206,96,206
2017-7650-mg08-ch05,0:59:00,59,0,64,110,46,110
2017-7650-e690-ad04,0:50:00,50,8,60,96,36,96
2017-741-d643-mm58,1:22:00,82,5,66,123,57,123
2017-741-d643-mc65,1:16:00,76,1,66,121,55,121
2017-741-mc65-g628,2:32:00,152,18,124,234,110,234
2017-741-d643-y124,1:35:00,95,7,80,143,63,143
2017-741-g628-i186,0:54:00,54,4,58,98,40,98
2017-741-mc65-ta46,1:07:00,67,8,75,128,53,128
2017-741-mm58-j386,1:18:00,78,5,74,138,64,138
2017-741-d643-pd07,1:25:00,85,5,67,123,56,123
2017-741-mc65-n771,1:08:00,68,8,60,104,44,104
2017-741-ta46-z168,0:51:00,51,3,57,100,43,100
2017-741-j386-f586,2:18:00,138,15,110,212,102,212
2017-741-g628-a678,1:13:00,73,2,61,114,53,114
2017-741-y124-dc58,1:43:00,103,7,81,152,71,152
2017-741-mm58-h756,1:39:00,99,11,88,152,64,152
2017-741-i186-l987,1:49:00,109,27,89,181,92,181
2017-741-mm58-q927,1:14:00,74,9,78,144,66,144
2017-741-z168-h940,1:29:00,89,5,83,158,75,158
2017-741-g628-td51,2:24:00,144,3,124,242,118,242
2017-741-dc58-sm37,2:47:00,167,9,120,242,122,242
2017-741-a678-bd20,1:02:00,62,11,59,95,36,95
2017-741-f586-sf76,1:45:00,105,1,80,151,71,151
2017-741-h756-m873,1:42:00,102,7,84,158,74,158
2017-741-l987-ca12,1:50:00,110,4,101,191,90,191
2017-741-n771-z184,1:28:00,88,8,67,127,60,127
2017-741-pd07-v708,1:28:00,88,7,76,135,59,135
2017-741-ta46-gb93,1:10:00,70,6,75,140,65,140
2017-741-y124-e831,1:55:00,115,6,86,173,87,173
2017-741-gb93-bk05,0:57:00,57,2,63,103,40,103
2017-741-sf76-kb54,1:39:00,99,2,82,166,84,166
2017-741-f586-c813,1:06:00,66,3,68,112,44,112
2017-741-pd07-w503,0:58:00,58,10,57,91,34,91
2017-741-gb93-sm09,1:21:00,81,2,75,139,64,139
2017-741-kb54-ga48,0:49:00,49,6,55,83,28,83
2017-741-f586-me56,0:47:00,47,4,59,87,28,87
2017-741-sf76-j397,1:55:00,115,5,96,182,86,182
2017-741-d646-d916,1:58:00,118,7,91,181,90,181
2017-741-bk05-j493,0:55:00,55,5,59,106,47,106
2017-741-c813-k906,2:10:00,130,3,103,206,103,206
2017-540-f324-c977,1:41:00,101,8,96,160,64,160
2017-540-q927-mc10,2:42:00,162,27,137,248,111,248
2017-540-c977-q927,2:56:00,176,25,150,271,121,271
2017-540-f324-ba47,2:18:00,138,13,126,233,107,233
2017-540-ba47-d643,1:03:00,63,1,53,93,40,93
2017-540-c977-ma30,3:30:00,210,33,155,302,147,302
2017-540-f324-r975,1:58:00,118,11,105,185,80,185
2017-540-mc10-pd31,2:21:00,141,4,122,222,100,222
2017-540-d643-me82,2:15:00,135,4,108,195,87,195
2017-540-ma30-n409,4:48:00,288,30,191,389,198,389
2017-540-f324-d875,1:38:00,98,8,95,166,71,166
2017-540-r975-z355,3:23:00,203,23,162,310,148,310
2017-540-q927-a678,3:07:00,187,31,165,319,154,319
2017-540-ba47-tb69,2:53:00,173,15,143,273,130,273
2017-540-c977-bd06,1:41:00,101,9,91,145,54,145
2017-540-mc10-f510,2:39:00,159,15,121,220,99,220
2017-540-d643-g858,2:13:00,133,6,108,191,83,191
2017-540-n409-ke29,2:15:00,135,7,112,197,85,197
2017-540-f324-z168,1:49:00,109,13,106,190,84,190
2017-540-r975-r772,2:22:00,142,21,118,211,93,211
2017-540-c977-j386,2:12:00,132,17,112,198,86,198
2017-540-bd06-n552,3:21:00,201,3,150,292,142,292
2017-540-tb69-dc58,2:03:00,123,4,101,183,82,183
2017-540-z355-o513,1:33:00,93,4,96,163,67,163
2017-540-q927-t786,2:58:00,178,22,146,298,152,298
2017-540-ba47-f401,1:46:00,106,3,96,168,72,168
2017-540-d875-sc56,1:00:00,60,5,56,82,26,82
2017-540-me82-mc65,3:30:00,210,7,177,339,162,339
2017-540-a678-be54,2:00:00,120,27,107,194,87,194
2017-540-ma30-bh09,2:27:00,147,19,120,221,101,221
2017-540-mc10-ba65,1:36:00,96,9,92,153,61,153
2017-540-pd31-j397,1:42:00,102,14,104,183,79,183
2017-540-f324-l987,1:30:00,90,9,98,165,67,165
2017-540-d643-pg32,1:34:00,94,4,90,144,54,144
2017-540-n409-y124,2:11:00,131,4,107,189,82,189
2017-540-r975-y061,2:40:00,160,27,130,247,117,247
2017-540-c977-mb02,2:12:00,132,31,123,215,92,215
2017-540-tb69-sd32,2:52:00,172,17,134,259,125,259
2017-540-n552-sc77,3:15:00,195,7,147,280,133,280
2017-540-z355-td51,1:33:00,93,11,88,160,72,160
2017-540-ba47-h940,2:37:00,157,19,134,245,111,245
2017-540-t786-ba98,1:55:00,115,13,106,175,69,175
2017-540-d875-b837,1:43:00,103,9,94,153,59,153
2017-540-j397-pf39,2:45:00,165,14,133,262,129,262
2017-540-mc65-e831,2:12:00,132,13,110,202,92,202
2017-540-ma30-r685,3:37:00,217,45,185,356,171,356
2017-540-bd06-g967,2:17:00,137,2,126,223,97,223
2017-540-o513-sm25,2:44:00,164,15,134,271,137,271
2017-540-sc56-i186,3:51:00,231,5,187,366,179,366
2017-540-q927-bg23,1:51:00,111,32,117,209,92,209
2017-540-r772-re44,3:32:00,212,16,168,320,152,320
2017-540-j386-a829,2:32:00,152,10,129,235,106,235
2017-540-z168-k926,3:05:00,185,14,140,270,130,270
2017-540-g858-d683,2:54:00,174,25,112,212,100,212
2017-540-f510-v708,1:57:00,117,11,109,192,83,192
2017-540-ke29-mj08,3:09:00,189,15,158,306,148,306
2017-540-dc58-l503,3:05:00,185,20,147,276,129,276
2017-540-a678-sa93,1:41:00,101,16,94,161,67,161
2017-540-bh09-d923,2:07:00,127,12,107,196,89,196
2017-540-be54-mm58,2:50:00,170,8,149,280,131,280
2017-540-f401-d632,0:18:00,18,0,14,22,8,22
2017-540-me82-se73,3:33:00,213,9,176,327,151,327
2017-540-pd31-h996,1:45:00,105,6,104,188,84,188
2017-540-mc10-bk92,1:44:00,104,3,100,169,69,169
2017-540-d643-k966,0:40:00,40,7,41,66,25,66
2017-540-f324-d801,0:43:00,43,10,50,86,36,86
2017-540-n409-mh30,1:46:00,106,5,91,149,58,149
2017-540-mm58-w367,2:13:00,133,10,121,219,98,219
2017-540-c977-k435,1:57:00,117,15,101,178,77,178
2017-540-tb69-pd07,1:55:00,115,8,98,177,79,177
2017-540-r975-sl28,2:16:00,136,20,120,219,99,219
2017-540-n552-cf01,1:12:00,72,8,83,123,40,123
2017-540-z355-d864,1:50:00,110,15,100,184,84,184
2017-540-ba47-ca12,2:22:00,142,12,116,218,102,218
2017-540-t786-n771,1:23:00,83,8,93,153,60,153
2017-540-d875-sm37,1:50:00,110,9,96,166,70,166
2017-540-pf39-j267,3:03:00,183,12,154,288,134,288
2017-540-mc65-bc72,1:35:00,95,8,99,172,73,172
2017-540-ma30-f724,1:56:00,116,8,105,189,84,189
2017-540-sm25-gd64,2:14:00,134,12,126,228,102,228
2017-540-bd06-h804,1:38:00,98,6,94,156,62,156
2017-540-me82-l397,2:15:00,135,12,117,205,88,205
2017-540-h996-ke17,1:05:00,65,10,61,109,48,109
2017-540-bh09-k336,4:25:00,265,27,208,399,191,399
2017-540-f401-g628,2:54:00,174,1,133,250,117,250
2017-540-i186-fb98,1:31:00,91,25,90,161,71,161
2017-540-q927-f586,2:01:00,121,14,120,215,95,215
2017-540-z168-ta46,1:24:00,84,18,94,165,71,165
2017-540-j386-kc29,1:57:00,117,12,101,186,85,186
2017-540-r772-tc61,2:25:00,145,3,113,215,102,215
2017-540-f510-t315,1:33:00,93,10,93,157,64,157
2017-540-d683-kd46,3:03:00,183,17,133,254,121,254
2017-540-a678-v306,2:56:00,176,25,137,267,130,267
2017-540-ke29-kb54,2:34:00,154,12,127,267,140,267
2017-540-b837-w503,1:40:00,100,17,86,163,77,163
2017-540-a829-bf23,3:32:00,212,4,173,338,165,338
2017-540-bg23-b884,2:18:00,138,2,110,203,93,203
2017-540-l503-z184,3:42:00,222,10,148,295,147,295
2017-540-be54-h355,2:40:00,160,6,145,272,127,272
2017-540-ba98-l575,2:04:00,124,5,99,186,87,186
2017-540-ba65-sh90,2:00:00,120,15,118,233,115,233
2017-540-d632-be90,3:06:00,186,10,148,293,145,293
2017-540-dc58-t742,0:15:00,15,2,20,25,5,25
2017-540-d923-o376,1:15:00,75,1,84,129,45,129
2017-540-e831-w579,2:03:00,123,8,115,200,85,200
2017-540-g967-ca99,2:17:00,137,5,130,246,116,246
2017-540-g858-e224,1:28:00,88,8,86,135,49,135
2017-540-h940-cg80,2:20:00,140,16,113,220,107,220
2017-540-j397-su55,2:25:00,145,5,119,238,119,238
2017-540-k926-da81,2:48:00,168,11,138,255,117,255
2017-540-l987-te51,2:00:00,120,4,104,190,86,190
2017-540-mb02-t840,0:17:00,17,2,28,40,12,40
2017-540-mj08-w630,3:06:00,186,8,148,290,142,290
2017-540-o513-bd20,1:45:00,105,4,98,168,70,168
2017-540-pd31-sc73,2:19:00,139,15,142,274,132,274
2017-540-pg32-e873,2:05:00,125,14,131,230,99,230
2017-540-re44-ta12,3:28:00,208,10,173,340,167,340
2017-540-r685-l949,2:02:00,122,7,130,244,114,244
2017-540-sc56-g710,2:33:00,153,0,130,247,117,247
2017-540-sa93-gb93,1:39:00,99,7,104,181,77,181
2017-540-sd32-j551,2:14:00,134,5,123,220,97,220
2017-540-sc77-b747,2:36:00,156,17,121,233,112,233
2017-540-se73-k964,2:07:00,127,3,106,188,82,188
2017-540-td51-h756,2:28:00,148,15,132,262,130,262
2017-540-v708-me89,3:24:00,204,5,146,280,134,280
2017-540-y124-i165,2:12:00,132,5,108,212,104,212
2017-540-y061-m873,2:10:00,130,5,109,202,93,202
2017-540-g967-l797,1:27:00,87,10,100,171,71,171
2017-540-r685-kc86,2:45:00,165,4,145,279,134,279
2017-540-me89-w521,1:57:00,117,20,104,182,78,182
2017-540-re44-m850,2:36:00,156,14,126,254,128,254
2017-540-sc77-i230,4:32:00,272,40,193,365,172,365
2017-540-ta12-pb22,3:16:00,196,14,157,319,162,319
2017-540-bc72-bk92,2:46:00,166,8,179,336,157,336
2017-540-be54-mi43,1:49:00,109,8,106,181,75,181
2017-540-fb98-me31,1:34:00,94,19,92,163,71,163
2017-540-ba98-s483,1:30:00,90,7,90,143,53,143
2017-540-j551-n674,2:13:00,133,20,128,240,112,240
2017-540-gd64-sj55,3:39:00,219,10,201,391,190,391
2017-540-o513-ci14,3:12:00,192,11,166,319,153,319
2017-540-w630-kb09,2:59:00,179,25,151,291,140,291
2017-540-te51-da86,3:06:00,186,18,149,281,132,281
2017-540-l797-a622,1:23:00,83,12,75,139,64,139
2017-540-me31-sl08,1:37:00,97,3,84,160,76,160
2017-540-re44-mg47,1:49:00,109,5,102,194,92,194
2017-540-w579-g681,2:58:00,178,10,141,262,121,262
2017-540-w579-sc47,1:02:00,62,4,62,101,39,101
2017-540-me89-b896,2:24:00,144,11,111,220,109,220
2017-540-kc86-ka98,1:35:00,95,2,88,164,76,164
2017-540-sc77-q941,1:15:00,75,8,74,131,57,131
2017-540-pb22-n503,1:10:00,70,3,70,121,51,121
2017-540-j551-k776,2:30:00,150,9,115,237,122,237
2017-540-be54-bk19,1:45:00,105,3,95,183,88,183
2017-540-bk92-mm79,1:04:00,64,11,69,126,57,126
2017-540-m850-g585,1:03:00,63,5,60,100,40,100
2017-540-fb98-g892,0:45:00,45,9,55,88,33,88
2017-540-gd64-f811,2:10:00,130,14,120,237,117,237
2017-540-g967-mm66,1:21:00,81,15,84,161,77,161
2017-540-ta12-hb64,1:12:00,72,2,68,113,45,113
2017-540-mi43-c813,1:17:00,77,6,70,121,51,121
2017-540-n674-ke64,1:10:00,70,3,68,122,54,122
2017-540-ba98-mb53,1:30:00,90,8,74,132,58,132
2017-540-bc72-hb48,1:07:00,67,5,63,116,53,116
2017-540-ci14-y218,1:31:00,91,5,77,149,72,149
2017-540-da86-kc04,1:49:00,109,20,86,162,76,162
2017-540-g681-z189,1:12:00,72,3,71,130,59,130
2017-540-i230-dh58,1:28:00,88,3,74,136,62,136
2017-540-kb09-bh76,0:40:00,40,6,54,80,26,80
2017-540-o513-z246,1:15:00,75,2,71,125,54,125
2017-540-r685-r548,1:20:00,80,5,80,154,74,154
2017-540-s483-d916,1:42:00,102,3,83,168,85,168
2017-540-sj55-mk66,1:54:00,114,8,102,192,90,192
2017-540-w630-sf62,1:51:00,111,12,98,187,89,187
2017-540-te51-h997,1:44:00,104,4,90,171,81,171
2017-540-w521-bi23,2:07:00,127,17,109,207,98,207
2017-540-s483-g983,1:30:00,90,8,98,186,88,186
2017-540-te51-g725,1:37:00,97,9,79,158,79,158
2017-540-sl08-mp01,1:22:00,82,8,72,125,53,125
2017-540-l797-mi01,1:04:00,64,7,62,108,46,108
2017-540-re44-d985,0:58:00,58,9,63,115,52,115
2017-540-sc47-ca33,2:40:00,160,2,122,243,121,243
2017-540-bh76-k834,0:42:00,42,2,45,70,25,70
2017-540-kc86-ga79,1:04:00,64,2,59,97,38,97
2017-540-hb48-v495,3:08:00,188,13,147,302,155,302
2017-540-me89-kb05,1:29:00,89,13,82,146,64,146
2017-540-sc77-d750,1:00:00,60,10,57,102,45,102
2017-540-be54-lc11,1:37:00,97,2,87,165,78,165
2017-540-z246-mn13,1:25:00,85,6,69,138,69,138
2017-540-sj55-db63,2:18:00,138,4,108,201,93,201
2017-540-pb22-ta29,1:28:00,88,4,77,138,61,138
2017-540-k776-da67,1:08:00,68,9,67,117,50,117
2017-540-r548-o522,1:33:00,93,8,85,167,82,167
2017-540-dh58-m762,2:04:00,124,5,101,198,97,198
2017-540-bk92-g676,0:39:00,39,7,54,75,21,75
2017-540-m850-ra82,1:30:00,90,17,79,140,61,140
2017-540-f811-mn20,0:27:00,27,2,31,51,20,51
2017-540-fb98-c582,1:38:00,98,17,89,165,76,165
2017-540-g967-be67,0:48:00,48,4,57,93,36,93
2017-540-w630-r612,2:05:00,125,18,106,209,103,209
2017-540-hb64-sy31,1:16:00,76,6,70,130,60,130
2017-540-g681-sk67,1:30:00,90,6,76,147,71,147
2017-540-mi43-ce77,0:49:00,49,2,60,98,38,98
2017-540-mb53-k839,2:21:00,141,4,96,192,96,192
2017-540-y218-le01,1:03:00,63,8,63,111,48,111
2017-540-kc04-cf59,1:34:00,94,3,76,141,65,141
2017-540-w521-mf35,1:13:00,73,9,67,127,60,127
2017-540-ke64-pg94,1:29:00,89,3,75,143,68,143
2017-540-a622-sf41,1:49:00,109,8,87,162,75,162
2017-540-b896-u134,1:31:00,91,11,78,152,74,152
2017-540-ba98-g940,2:30:00,150,3,122,239,117,239
2017-540-bk19-kc12,1:21:00,81,7,67,122,55,122
2017-540-bc72-o449,1:00:00,60,8,60,109,49,109
2017-540-bi23-d499,0:55:00,55,2,51,91,40,91
2017-540-c813-o408,1:55:00,115,11,86,170,84,170
2017-540-ci14-a853,1:11:00,71,6,65,117,52,117
2017-540-da86-bd80,1:45:00,105,9,84,162,78,162
2017-540-d916-sj22,1:24:00,84,2,65,121,56,121
2017-540-gd64-q948,1:12:00,72,10,70,130,60,130
2017-540-g892-sn77,1:55:00,115,6,108,197,89,197
2017-540-g585-mi33,1:02:00,62,3,63,104,41,104
2017-540-h997-gb53,1:25:00,85,13,83,154,71,154
2017-540-i230-ph42,1:06:00,66,6,67,116,49,116
2017-540-j551-gd08,0:49:00,49,5,56,89,33,89
2017-540-ka98-kf17,1:18:00,78,6,74,133,59,133
2017-540-kb09-sq80,2:45:00,165,14,142,282,140,282
2017-540-mk66-cb14,1:11:00,71,0,64,108,44,108
2017-540-me31-n679,2:04:00,124,3,100,191,91,191
2017-540-mg47-r383,2:34:00,154,13,119,232,113,232
2017-540-mm66-la93,1:05:00,65,4,64,115,51,115
2017-540-mm79-j400,1:14:00,74,5,67,125,58,125
2017-540-n503-pc33,0:17:00,17,1,20,22,2,22
2017-540-n674-w571,1:15:00,75,14,79,141,62,141
2017-540-o513-cg33,2:36:00,156,14,129,259,130,259
2017-540-q941-ca71,1:51:00,111,6,99,186,87,186
2017-540-r685-j380,1:33:00,93,16,88,168,80,168
2017-540-sf62-mh16,1:32:00,92,8,82,152,70,152
2017-540-ta12-ce25,1:30:00,90,5,76,139,63,139
2017-540-w579-gc89,1:36:00,96,6,87,175,88,175
2017-540-z189-i305,2:11:00,131,6,104,217,113,217
2017-316-f401-d801,1:26:00,86,3,76,140,64,140
2017-316-d801-kb54,1:04:00,64,8,66,116,50,116
2017-316-f401-v306,2:10:00,130,2,105,191,86,191
2017-316-v306-r772,1:25:00,85,5,72,121,49,121
2017-316-d801-ke29,2:00:00,120,3,98,203,105,203
2017-316-f401-l949,2:42:00,162,3,120,239,119,239
2017-316-kb54-sm37,1:07:00,67,5,57,101,44,101
2017-316-kb54-cd85,2:09:00,129,6,104,194,90,194
2017-316-ke29-g858,2:38:00,158,5,108,211,103,211
2017-316-l949-c882,1:08:00,68,6,62,110,48,110
2017-316-r772-mj08,2:10:00,130,3,89,176,87,176
2017-316-f401-ba65,0:55:00,55,1,58,95,37,95
2017-316-d801-z184,1:29:00,89,5,74,137,63,137
2017-316-sm37-o376,1:24:00,84,1,69,120,51,120
2017-316-v306-bf23,1:13:00,73,2,61,107,46,107
2017-316-v306-y218,2:00:00,120,6,97,184,87,184
2017-316-sm37-mn13,1:01:00,61,3,61,100,39,100
2017-316-f401-d874,1:45:00,105,1,82,150,68,150
2017-316-z184-bg23,1:05:00,65,9,68,116,48,116
2017-316-bf23-h355,2:29:00,149,8,121,221,100,221
2017-316-ba65-bd20,1:12:00,72,0,61,113,52,113
2017-316-d801-md56,1:01:00,61,5,64,106,42,106
2017-316-g858-d981,1:58:00,118,7,97,176,79,176
2017-316-kb54-sl28,1:05:00,65,1,62,109,47,109
2017-316-mj08-l987,0:41:00,41,2,33,56,23,56
2017-316-l949-y268,2:24:00,144,2,101,190,89,190
2017-316-o376-m850,1:07:00,67,4,62,102,40,102
2017-316-d981-r419,1:20:00,80,5,73,126,53,126
2017-316-mn13-hb48,0:53:00,53,2,54,83,29,83
2017-316-d874-r612,1:05:00,65,4,60,103,43,103
2017-316-md56-m850,1:55:00,115,6,84,163,79,163
2017-316-d874-e688,1:28:00,88,3,69,128,59,128
2017-316-d981-sp25,2:05:00,125,6,102,197,95,197
2017-316-mn13-ge03,1:00:00,60,2,57,94,37,94
2017-316-m850-ab12,0:59:00,59,3,58,94,36,94
2017-316-r612-lb66,1:00:00,60,1,57,101,44,101
2017-316-r419-bk19,0:36:00,36,2,25,39,14,39
2017-316-md56-lc11,2:59:00,179,1,121,232,111,232
2017-316-hb48-cg33,1:21:00,81,3,63,120,57,120
2017-315-i186-e690,1:15:00,75,17,69,123,54,123
2017-315-i186-n674,1:14:00,74,20,66,120,54,120
2017-315-e690-g967,1:03:00,63,6,64,113,49,113
2017-315-i186-f811,1:13:00,73,15,67,116,49,116
2017-315-g967-k336,2:26:00,146,12,123,247,124,247
2017-315-e690-k839,2:42:00,162,6,117,233,116,233
2017-315-f811-h996,2:10:00,130,4,99,190,91,190
2017-315-i186-g940,1:02:00,62,13,61,104,43,104
2017-315-k336-kb09,1:07:00,67,16,57,110,53,110
2017-315-k839-me82,1:50:00,110,2,80,152,72,152
2017-315-h996-mb53,2:12:00,132,3,92,183,91,183
2017-315-e690-l797,1:03:00,63,3,69,113,44,113
2017-315-f811-sq80,1:49:00,109,7,93,181,88,181
2017-315-n674-d499,0:50:00,50,9,57,92,35,92
2017-315-g967-k776,1:45:00,105,5,85,175,90,175
2017-315-k776-e224,1:08:00,68,5,61,111,50,111
2017-315-l797-o522,1:28:00,88,13,81,146,65,146
2017-315-f811-me89,2:19:00,139,3,99,203,104,203
2017-315-d499-sl08,1:58:00,118,9,101,181,80,181
2017-315-e690-r548,1:05:00,65,2,64,111,47,111
2017-315-g967-kd35,0:51:00,51,9,61,104,43,104
2017-315-g940-ka00,2:14:00,134,23,104,207,103,207
2017-315-k839-fb98,1:08:00,68,2,65,110,45,110
2017-315-kb09-kc12,2:08:00,128,3,101,182,81,182
2017-315-mb53-ke64,1:30:00,90,7,71,133,62,133
2017-315-n674-c582,0:58:00,58,7,57,93,36,93
2017-315-sq80-mp01,0:54:00,54,4,57,92,35,92
2017-315-e690-rb56,1:51:00,111,6,108,201,93,201
2017-315-g940-bt45,1:04:00,64,7,66,113,47,113
2017-315-d499-w630,2:00:00,120,3,100,197,97,197
2017-315-ka00-sj55,1:16:00,76,4,73,136,63,136
2017-315-rb56-e865,1:37:00,97,2,92,169,77,169
2017-315-g940-bf98,0:54:00,54,14,58,97,39,97
2017-315-ka00-sf62,1:18:00,78,1,71,125,54,125
2017-315-w630-kb37,1:03:00,63,9,68,110,42,110
2017-315-bt45-mg47,1:37:00,97,7,84,162,78,162
2017-315-sj55-bi81,1:02:00,62,4,64,113,49,113
2017-315-e690-k964,1:33:00,93,2,80,144,64,144
2017-315-d499-a853,1:54:00,114,3,92,175,83,175
2017-439-re44-l503,1:16:00,76,2,62,110,48,110
2017-439-re44-d646,1:41:00,101,3,79,142,63,142
2017-439-l503-g983,2:36:00,156,3,99,184,85,184
2017-439-d646-gb88,1:33:00,93,5,68,123,55,123
2017-439-re44-f510,2:17:00,137,7,115,207,92,207
2017-439-l503-v708,2:10:00,130,4,86,165,79,165
2017-439-g983-sc73,2:51:00,171,7,117,220,103,220
2017-439-gb88-bd80,2:21:00,141,4,106,199,93,199
2017-439-f510-kc29,1:49:00,109,2,83,165,82,165
2017-439-sc73-mc65,2:17:00,137,5,107,209,102,209
2017-439-v708-a829,1:38:00,98,3,71,125,54,125
2017-439-l503-bh09,2:01:00,121,1,78,144,66,144
2017-439-d646-cf01,2:19:00,139,6,99,193,94,193
2017-439-re44-mf35,1:56:00,116,1,87,168,81,168
2017-439-cf01-sd32,1:39:00,99,1,74,135,61,135
2017-439-g983-d750,2:12:00,132,0,96,178,82,178
2017-439-a829-z246,1:12:00,72,1,62,103,41,103
2017-439-d750-pd31,2:03:00,123,0,106,197,91,197
2017-439-v708-gb93,1:17:00,77,2,63,109,46,109
2017-439-bd80-d923,2:08:00,128,2,94,194,100,194
2017-439-bh09-sh90,2:09:00,129,5,96,181,85,181
2017-439-d646-ca99,1:56:00,116,4,86,159,73,159
2017-439-sc73-ta29,1:03:00,63,4,60,93,33,93
2017-439-g983-pg94,2:59:00,179,7,126,239,113,239
2017-439-mf35-i165,1:24:00,84,0,67,117,50,117
2017-439-kc29-y061,1:32:00,92,0,74,139,65,139
2017-439-re44-b884,1:17:00,77,0,58,100,42,100
2017-439-bd80-re44,1:33:00,93,2,73,134,61,134
2017-439-d750-sf76,2:41:00,161,5,97,210,113,210
2017-439-z246-n679,1:31:00,91,10,72,125,53,125
2017-439-ta29-da67,1:24:00,84,3,72,130,58,130
2017-439-re44-sh91,1:22:00,82,0,65,112,47,112
2017-439-d750-v490,1:28:00,88,1,74,130,56,130
2017-439-ta29-s0cd,0:54:00,54,4,52,77,25,77
2017-439-n679-be68,1:30:00,90,3,70,127,57,127
2017-439-bd80-ph42,2:19:00,139,3,104,198,94,198
2017-439-sf76-l908,2:20:00,140,5,111,205,94,205
2017-439-z246-sp80,2:28:00,148,6,101,195,94,195
2017-439-da67-t868,2:20:00,140,1,103,194,91,194
2017-6116-i186-ma30,1:15:00,75,15,67,115,48,115
2017-6116-e831-sm25,1:28:00,88,4,64,103,39,103
2017-6116-i186-h940,1:48:00,108,23,83,158,75,158
2017-6116-h940-e831,2:02:00,122,9,98,180,82,180
2017-6116-h940-e865,0:55:00,55,7,63,101,38,101
2017-6116-i186-l797,1:14:00,74,13,61,113,52,113
2017-6116-ma30-pl56,1:10:00,70,16,60,105,45,105
2017-6116-sm25-sc56,1:11:00,71,5,62,117,55,117
2017-6116-i186-pd07,1:07:00,67,10,63,103,40,103
2017-6116-ma30-hb64,2:15:00,135,20,90,170,80,170
2017-6116-h940-mh30,2:46:00,166,11,121,240,119,240
2017-6116-e831-g967,2:01:00,121,12,88,182,94,182
2017-6116-l797-y124,0:59:00,59,3,57,95,38,95
2017-6116-e865-dc58,1:46:00,106,8,88,169,81,169
2017-6116-pl56-j267,2:19:00,139,8,101,193,92,193
2017-6116-e831-b837,1:25:00,85,2,72,123,51,123
2017-6116-y124-sf62,1:10:00,70,6,60,105,45,105
2017-6116-pl56-ch27,2:01:00,121,6,94,181,87,181
2017-6116-dc58-e873,0:57:00,57,2,56,92,36,92
2017-6116-e865-fb98,1:21:00,81,11,71,136,65,136
2017-6116-hb64-ke64,1:48:00,108,9,89,173,84,173
2017-6116-g967-pc11,2:15:00,135,6,112,220,108,220
2017-6116-j267-o522,2:45:00,165,14,123,233,110,233
2017-6116-l797-f586,1:00:00,60,6,57,92,35,92
2017-6116-pd07-f811,2:40:00,160,15,116,220,104,220
2017-6116-mh30-td51,2:19:00,139,10,110,220,110,220
2017-6116-ke64-k964,3:44:00,224,5,145,278,133,278
2017-6116-sc56-k776,1:19:00,79,2,73,125,52,125
2017-6116-hb64-n674,2:31:00,151,8,121,234,113,234
2017-6116-pl56-kc12,2:05:00,125,3,93,176,83,176
2017-6116-me89-bf98,1:14:00,74,8,64,111,47,111
2017-6116-ke64-g493,1:11:00,71,3,59,94,35,94
2017-6116-kc12-w723,0:59:00,59,2,58,89,31,89
2017-6116-hb64-n670,1:25:00,85,4,82,147,65,147
2017-6116-sf62-n480,1:38:00,98,10,76,136,60,136
2017-6116-n674-pc78,0:56:00,56,9,58,99,41,99
2017-6116-pl56-cg49,1:39:00,99,8,85,137,52,137
2017-6116-k964-b09a,1:19:00,79,4,64,109,45,109
2017-314-h997-h756,2:28:00,148,7,119,241,122,241
2017-314-f510-h997,1:33:00,93,2,82,151,69,151
2017-314-h756-gb88,1:21:00,81,9,78,141,63,141
2017-314-f510-bd06,2:07:00,127,5,105,200,95,200
2017-314-f510-g858,1:50:00,110,2,88,164,76,164
2017-314-h997-sh90,1:56:00,116,9,99,181,82,181
2017-314-bd06-i165,1:20:00,80,4,66,122,56,122
2017-314-gb88-a829,2:36:00,156,5,117,244,127,244
2017-314-bd06-sj22,1:24:00,84,1,79,133,54,133
2017-314-h997-l397,1:49:00,109,13,90,176,86,176
2017-314-g858-l503,2:39:00,159,11,109,215,106,215
2017-314-f510-gb93,1:40:00,100,3,86,177,91,177
2017-314-h756-mj08,1:31:00,91,4,86,151,65,151
2017-314-l503-c582,1:39:00,99,4,80,142,62,142
2017-314-i165-ba65,0:40:00,40,11,55,83,28,83
2017-314-sh90-l949,0:55:00,55,1,56,91,35,91
2017-314-sh90-g725,1:11:00,71,2,66,113,47,113
2017-314-h756-o376,1:21:00,81,6,66,114,48,114
2017-314-ba65-l987,1:05:00,65,2,69,126,57,126
2017-314-a829-y061,2:52:00,172,1,128,251,123,251
2017-314-gb93-da81,1:36:00,96,6,89,164,75,164
2017-314-g858-bc72,1:22:00,82,6,76,134,58,134
2017-314-h997-bf23,1:51:00,111,4,102,191,89,191
2017-314-i165-ga79,0:55:00,55,5,60,102,42,102
2017-314-sj22-bp41,1:38:00,98,1,75,137,62,137
2017-314-l949-bd20,2:54:00,174,11,140,271,131,271
2017-314-mj08-d801,2:51:00,171,14,104,212,108,212
2017-314-ga79-sg64,1:51:00,111,6,76,154,78,154
2017-314-h997-e678,0:48:00,48,2,55,90,35,90
2017-314-bc72-n679,2:27:00,147,14,123,234,111,234
2017-314-sj22-bk12,1:22:00,82,3,62,113,51,113
2017-314-bk12-d981,1:20:00,80,6,80,146,66,146
2017-314-sg64-q948,2:15:00,135,15,99,197,98,197
2017-314-bc72-mb53,1:03:00,63,7,60,101,41,101
2017-314-h997-a853,0:46:00,46,2,53,82,29,82
2017-314-e678-bd80,1:11:00,71,4,66,113,47,113
2017-314-ga79-mg54,2:14:00,134,6,110,203,93,203
2017-314-n679-hh06,1:10:00,70,5,65,111,46,111
2017-314-sj22-mg08,1:31:00,91,2,78,139,61,139
2017-414-md56-mb02,1:57:00,117,10,90,174,84,174
2017-414-mb02-k435,0:58:00,58,1,42,88,46,88
2017-414-md56-d874,1:24:00,84,6,65,115,50,115
2017-414-d874-ke29,2:18:00,138,6,95,189,94,189
2017-414-mb02-sm37,1:44:00,104,3,79,152,73,152
2017-414-k435-kc29,2:37:00,157,6,111,214,103,214
2017-414-md56-v708,1:41:00,101,6,81,145,64,145
2017-414-ke29-bh09,2:27:00,147,7,100,205,105,205
2017-414-k435-sd32,2:02:00,122,4,88,168,80,168
2017-414-kc29-pd31,1:36:00,96,3,77,153,76,153
2017-414-sm37-sk94,2:04:00,124,2,87,168,81,168
2017-414-d874-f401,1:45:00,105,4,80,146,66,146
2017-414-md56-sl28,1:21:00,81,1,64,116,52,116
2017-414-mb02-kb54,1:52:00,112,8,97,184,87,184
2017-414-md56-r772,3:04:00,184,6,125,236,111,236
2017-414-v708-z184,1:26:00,86,7,61,116,55,116
2017-414-kb54-c882,2:04:00,124,5,92,186,94,186
2017-414-ke29-,1:10:00,70,7,62,113,51,113
2017-414-sd32-mn13,2:03:00,123,4,89,167,78,167
2017-414-pd31-t315,0:53:00,53,11,60,100,40,100
2017-414-sm37-h804,1:16:00,76,2,70,117,47,117
2017-414-v708-v306,2:45:00,165,9,110,224,114,224
2017-414-f401-bg23,2:01:00,121,1,97,184,87,184
2017-414-bh09-h896,1:09:00,69,5,65,106,41,106
2017-414-d874-b884,2:50:00,170,3,117,215,98,215
2017-414-kc29-h355,1:26:00,86,3,70,123,53,123
2017-414-k435-re44,1:12:00,72,6,71,117,46,117
2017-414-mb02-cf01,1:17:00,77,4,69,127,58,127
2017-414-sk94-d923,1:33:00,93,0,73,133,60,133
2017-414-d923-sc77,1:41:00,101,0,80,154,74,154
2017-414-z184-ae14,1:49:00,109,2,75,139,64,139
2017-414-sl28-d864,1:12:00,72,6,69,117,48,117
2017-414-d874-d750,0:49:00,49,0,53,74,21,74
2017-414-m0ac-md56,2:20:00,140,5,108,223,115,223
2017-414-d923-l941,1:38:00,98,2,74,135,61,135
2017-414-sk94-o449,2:17:00,137,3,111,215,104,215
2017-414-d874-h896,1:03:00,63,7,58,92,34,92
2017-414-sk94-f724,2:48:00,168,0,121,234,113,234
2017-414-m0ac-rh16,1:39:00,99,1,79,157,78,157
2017-414-sc77-h0bu,1:03:00,63,3,61,109,48,109
2017-414-md56-wb25,1:11:00,71,1,64,110,46,110
2017-414-o449-e698,0:09:00,9,2,6,15,9,15
2017-414-d750-g585,1:36:00,96,2,72,132,60,132
2017-319-k435-f510,1:29:00,89,4,73,133,60,133
2017-319-k435-sh90,1:22:00,82,4,64,118,54,118
2017-319-f510-bd20,1:05:00,65,3,53,87,34,87
2017-319-sh90-o513,1:59:00,119,3,93,174,81,174
2017-319-o513-o376,1:48:00,108,5,81,164,83,164
2017-319-sh90-mi43,1:53:00,113,11,90,172,82,172
2017-319-o513-c882,2:00:00,120,8,91,182,91,182
2017-319-k435-l987,2:33:00,153,3,109,218,109,218
2017-319-f510-z246,1:20:00,80,2,71,135,64,135
2017-319-sh90-l503,2:25:00,145,9,103,192,89,192
2017-319-l987-sd32,1:34:00,94,5,69,129,60,129
2017-319-bd20-sl28,1:39:00,99,4,79,147,68,147
2017-319-k435-v708,1:07:00,67,7,56,96,40,96
2017-319-mi43-g725,1:21:00,81,2,69,126,57,126
2017-319-o376-z184,1:25:00,85,5,74,128,54,128
2017-319-g725-h756,2:13:00,133,7,102,204,102,204
2017-319-z184-sc73,2:54:00,174,10,118,237,119,237
2017-319-sl28-h355,1:33:00,93,12,84,154,70,154
2017-319-bd20-d801,1:57:00,117,9,107,197,90,197
2017-319-v708-h997,1:24:00,84,3,65,118,53,118
2017-319-k435-bf23,2:11:00,131,10,102,194,92,194
2017-319-l987-mn13,1:57:00,117,0,91,179,88,179
2017-319-o376-mj08,1:15:00,75,5,68,117,49,117
2017-319-sh90-y061,2:13:00,133,9,112,208,96,208
2017-319-z246-kb54,1:50:00,110,8,90,172,82,172
2017-319-g725-kc04,1:39:00,99,4,80,143,63,143
2017-319-mi43-b884,2:17:00,137,4,91,179,88,179
2017-319-o513-bg23,1:01:00,61,4,60,103,43,103
2017-319-bf23-mj08,2:00:00,120,8,93,178,85,178
2017-319-mn13-l941,1:29:00,89,9,77,136,59,136
2017-319-z246-g983,1:58:00,118,11,91,181,90,181
2017-319-z246-te51,1:39:00,99,3,78,151,73,151
2017-319-g725-hc99,1:00:00,60,1,60,96,36,96
2017-319-l941-j397,1:09:00,69,4,59,103,44,103
2017-319-bf23-hb71,1:23:00,83,7,77,141,64,141
2017-319-mj08-m850,1:11:00,71,8,68,116,48,116
2017-319-mn13-r09x,1:20:00,80,6,73,124,51,124
2017-319-kc04-e698,2:07:00,127,2,95,184,89,184
2017-319-te51-sk47,1:25:00,85,3,68,124,56,124
2017-7480-q927-d923,1:43:00,103,17,92,180,88,180
2017-7480-kd46-ba47,2:19:00,139,17,97,192,95,192
2017-7480-q927-kd46,1:47:00,107,15,84,152,68,152
2017-7480-ba47-me82,2:07:00,127,5,90,173,83,173
2017-7480-q927-me31,1:00:00,60,6,61,102,41,102
2017-7480-kd46-fb98,1:31:00,91,4,77,143,66,143
2017-7480-d923-l397,2:19:00,139,3,108,212,104,212
2017-7480-ba47-sq80,0:56:00,56,1,61,97,36,97
2017-7480-q927-kb37,1:58:00,118,16,104,199,95,199
2017-7480-fb98-r772,1:31:00,91,6,72,140,68,140
2017-7480-l397-e690,1:23:00,83,12,70,133,63,133
2017-7480-me31-v306,2:05:00,125,3,85,166,81,166
2017-7480-me82-f811,1:01:00,61,5,60,95,35,95
2017-7480-d923-hb64,0:30:00,30,0,25,48,23,48
2017-7480-kd46-pb22,2:08:00,128,11,98,190,92,190
2017-7480-v306-e873,2:22:00,142,8,115,211,96,211
2017-7480-kd46-td51,2:10:00,130,9,92,178,86,178
2017-7480-hb64-k336,1:40:00,100,5,84,170,86,170
2017-7480-me82-j380,1:18:00,78,2,61,108,47,108
2017-7480-d923-da81,2:14:00,134,13,107,197,90,197
2017-7480-e690-n674,1:38:00,98,6,88,168,80,168
2017-7480-f811-i230,1:21:00,81,4,70,123,53,123
2017-7480-fb98-k926,2:16:00,136,11,111,200,89,200
2017-7480-kb37-si82,1:47:00,107,4,77,141,64,141
2017-7480-me31-k964,1:41:00,101,4,83,151,68,151
2017-7480-pb22-u134,1:53:00,113,8,88,170,82,170
2017-7480-sq80-k776,0:36:00,36,4,51,69,18,69
2017-7480-hb64-sp05,1:29:00,89,8,74,137,63,137
2017-7480-e690-k964,1:11:00,71,3,63,107,44,107
2017-7480-sq80-d917,0:58:00,58,8,61,104,43,104
2017-7480-kb37-pc78,1:22:00,82,10,74,128,54,128
2017-7480-hb64-s0bb,0:40:00,40,6,50,74,24,74
2017-7480-sq80-mn44,1:11:00,71,4,71,126,55,126
2017-7480-e690-h938,0:48:00,48,7,58,91,33,91
2017-7480-pc78-sl07,0:20:00,20,1,25,34,9,34
2017-7480-k964-n670,1:57:00,117,2,89,173,84,173
2017-7480-sp05-q941,1:09:00,69,0,62,106,44,106
2017-7480-d917-me56,1:08:00,68,2,65,111,46,111
2017-7480-kb37-bc68,1:14:00,74,3,68,123,55,123
2017-418-z355-a678,1:10:00,70,6,58,106,48,106
2017-418-a678-sm25,1:29:00,89,12,70,128,58,128
2017-418-n552-pl56,2:40:00,160,5,115,234,119,234
2017-418-sm25-r975,1:26:00,86,3,63,123,60,123
2017-418-a678-bf55,2:00:00,120,21,85,163,78,163
2017-418-z355-mm58,0:58:00,58,7,58,98,40,98
2017-418-z355-n552,1:04:00,64,4,61,101,40,101
2017-418-a678-tb69,2:47:00,167,21,115,217,102,217
2017-418-r975-b837,1:32:00,92,16,81,144,63,144
2017-418-n552-d683,1:49:00,109,4,75,137,62,137
2017-418-mm58-d875,1:04:00,64,8,56,94,38,94
2017-418-z355-sl08,1:26:00,86,7,83,149,66,149
2017-418-sm25-dc58,1:24:00,84,12,70,127,57,127
2017-418-pl56-ma30,1:55:00,115,11,90,180,90,180
2017-418-bf55-pc11,2:09:00,129,4,99,181,82,181
2017-418-tb69-l949,1:03:00,63,8,61,106,45,106
2017-418-n552-y124,2:26:00,146,2,106,208,102,208
2017-418-r975-m873,1:56:00,116,26,94,175,81,175
2017-418-d875-e831,2:21:00,141,4,103,198,95,198
2017-418-z355-tc61,2:11:00,131,7,98,191,93,191
2017-418-bf55-mc65,1:52:00,112,5,97,183,86,183
2017-418-pl56-pf39,1:21:00,81,5,70,130,60,130
2017-418-sm25-ca99,1:57:00,117,6,84,158,74,158
2017-418-sl08-ke17,0:39:00,39,5,44,69,25,69
2017-418-ma30-t315,0:46:00,46,18,54,83,29,83
2017-418-pc11-z168,2:18:00,138,4,107,207,100,207
2017-418-d683-l797,1:25:00,85,15,70,121,51,121
2017-418-mm58-j386,2:29:00,149,11,113,219,106,219
2017-418-a678-j267,1:26:00,86,8,73,123,50,123
2017-418-b837-h940,1:02:00,62,7,58,101,43,101
2017-418-dc58-pg94,1:08:00,68,4,58,99,41,99
2017-418-b837-ld26,1:43:00,103,6,69,119,50,119
2017-418-bf55-ke64,1:07:00,67,0,52,91,39,91
2017-418-ca99-bh02,1:09:00,69,4,64,116,52,116
2017-418-e831-ch27,0:57:00,57,7,58,95,37,95
2017-418-dc58-sc56,2:07:00,127,6,107,198,91,198
2017-418-j267-bf98,1:45:00,105,6,83,160,77,160
2017-418-l949-pd07,2:22:00,142,9,108,207,99,207
2017-418-l797-ha47,1:07:00,67,14,67,122,55,122
2017-418-m873-f586,1:19:00,79,12,67,117,50,117
2017-418-pl56-rh16,1:43:00,103,5,80,149,69,149
2017-418-pc11-rb56,1:13:00,73,2,66,109,43,109
2017-418-sl08-sc47,1:29:00,89,10,79,141,62,141
2017-418-tc61-be54,1:30:00,90,4,64,110,46,110
2017-418-t315-kc12,2:15:00,135,2,104,190,86,190
2017-418-rb56-me05,1:28:00,88,13,77,146,69,146
2017-418-y124-sf62,2:14:00,134,4,100,196,96,196
2017-418-mm58-o522,2:27:00,147,15,115,221,106,221
2017-418-bf55-bi23,1:16:00,76,1,70,126,56,126
2017-418-ha47-pg94,1:52:00,112,8,97,186,89,186
2017-418-bh02-ka00,2:22:00,142,14,106,212,106,212
2017-418-ld26-g892,1:16:00,76,4,64,113,49,113
2017-418-bf98-sk69,1:15:00,75,3,64,122,58,122
2017-418-pg94-rd46,1:05:00,65,0,65,109,44,109
2017-418-ka00-f824,0:54:00,54,10,58,91,33,91
2017-418-ld26-rg42,1:32:00,92,3,75,141,66,141
2017-418-sk69-gb76,1:29:00,89,5,79,139,60,139
2017-418-bh02-g0cp,1:35:00,95,5,95,164,69,164
2017-418-bf98-t0a8,1:21:00,81,2,71,138,67,138
2017-418-bi23-m747,1:05:00,65,6,64,112,48,112
2017-418-g892-bv27,1:00:00,60,2,58,103,45,103
2017-418-me05-k0a3,0:54:00,54,3,58,91,33,91
2017-418-ha47-si72,1:52:00,112,7,92,177,85,177
2017-421-z355-su55,1:43:00,103,2,78,140,62,140
2017-421-f324-h756,1:15:00,75,9,73,128,55,128
2017-421-f324-bd06,1:08:00,68,5,61,109,48,109
2017-421-z355-f324,1:09:00,69,6,63,112,49,112
2017-421-z355-a678,1:31:00,91,9,75,143,68,143
2017-421-su55-me82,2:25:00,145,9,87,175,88,175
2017-421-su55-n409,2:46:00,166,9,110,225,115,225
2017-421-h756-sm37,2:04:00,124,9,93,176,83,176
2017-421-z355-ke17,1:12:00,72,6,65,117,52,117
2017-421-f324-f401,1:57:00,117,12,98,187,89,187
2017-421-h756-d875,2:09:00,129,13,102,193,91,193
2017-421-bd06-mc65,2:56:00,176,2,135,263,128,263
2017-421-a678-q927,1:00:00,60,11,56,90,34,90
2017-421-me82-ch27,1:28:00,88,6,64,118,54,118
2017-421-sm37-dc58,2:08:00,128,4,82,172,90,172
2017-421-n409-cg80,1:12:00,72,7,58,92,34,92
2017-421-f324-pb22,0:54:00,54,5,58,91,33,91
2017-421-sm37-tb69,2:54:00,174,2,131,253,122,253
2017-421-z355-g628,2:31:00,151,13,118,228,110,228
2017-421-mc65-n552,2:41:00,161,5,113,228,115,228
2017-421-me82-r975,1:15:00,75,4,59,107,48,107
2017-421-d875-z168,1:39:00,99,6,85,163,78,163
2017-421-q927-t786,1:33:00,93,6,75,139,64,139
2017-421-ch27-gb88,1:35:00,95,4,75,137,62,137
2017-421-a678-cd85,1:41:00,101,14,81,147,66,147
2017-421-bd06-h940,1:05:00,65,2,63,107,44,107
2017-421-f401-sm25,2:20:00,140,2,106,198,92,198
2017-421-ke17-l503,1:03:00,63,10,58,96,38,96
2017-421-dc58-pd31,1:18:00,78,5,69,122,53,122
2017-421-h756-e873,0:58:00,58,12,59,94,35,94
2017-421-su55-d683,1:44:00,104,11,81,147,66,147
2017-421-gb88-se73,1:44:00,104,9,88,156,68,156
2017-421-cd85-ke29,1:26:00,86,2,71,135,64,135
2017-421-bd06-sf62,1:20:00,80,3,65,115,50,115
2017-421-dc58-pf39,1:58:00,118,10,95,180,85,180
2017-421-d683-i186,1:49:00,109,9,79,150,71,150
2017-421-sm25-h996,1:28:00,88,5,74,138,64,138
2017-421-ke17-t840,0:51:00,51,8,57,86,29,86
2017-421-a678-sc56,1:41:00,101,19,83,149,66,149
2017-421-ch27-l397,2:14:00,134,6,103,196,93,196
2017-421-cg80-y061,1:09:00,69,6,62,107,45,107
2017-421-e873-bg23,1:26:00,86,5,73,138,65,138
2017-421-f401-e831,2:27:00,147,3,105,199,94,199
2017-421-g628-sp24,3:01:00,181,2,128,243,115,243
2017-421-h756-r772,1:17:00,77,5,67,117,50,117
2017-421-h940-f586,1:25:00,85,8,69,131,62,131
2017-421-mc65-j386,1:39:00,99,11,88,160,72,160
2017-421-me82-mm58,1:20:00,80,0,68,115,47,115
2017-421-l503-td51,2:03:00,123,7,88,177,89,177
2017-421-pd31-y124,2:01:00,121,8,108,208,100,208
2017-421-pb22-pd07,1:21:00,81,2,63,109,46,109
2017-421-q927-me31,2:18:00,138,18,113,222,109,222
2017-421-sm37-o522,2:09:00,129,3,103,194,91,194
2017-421-su55-sc73,2:25:00,145,12,112,221,109,221
2017-421-z168-gb93,2:01:00,121,4,102,196,94,196
2017-421-sc56-e690,1:40:00,100,0,79,152,73,152
2017-421-h996-y061,1:58:00,118,3,99,193,94,193
2017-421-o522-e873,0:58:00,58,11,61,100,39,100
2017-421-gb93-mg47,1:23:00,83,3,77,142,65,142
2017-421-me31-k964,2:04:00,124,3,88,168,80,168
2017-421-f586-m873,1:26:00,86,0,69,124,55,124
2017-421-sf62-d499,2:01:00,121,6,105,193,88,193
2017-421-h996-sm09,1:01:00,61,3,54,95,41,95
2017-421-gb93-mq70,2:15:00,135,4,119,222,103,222
2017-421-e873-hb05,1:55:00,115,6,97,188,91,188
2017-421-sc56-mm10,1:21:00,81,1,72,130,58,130
2017-421-d499-ca99,1:17:00,77,6,72,129,57,129
2017-421-y061-hg86,2:37:00,157,6,131,258,127,258
2017-421-f586-hb71,2:30:00,150,3,106,212,106,212
2017-421-m873-w630,1:45:00,105,2,87,161,74,161
2017-421-o522-sm18,1:07:00,67,6,73,126,53,126
2017-421-e690-sx96,1:02:00,62,2,67,115,48,115
2017-421-me31-pf65,1:21:00,81,0,72,124,52,124
2017-421-sf62-kb12,1:13:00,73,4,72,123,51,123
2017-421-mg47-bc68,1:32:00,92,4,80,144,64,144
2017-421-k964-lb06,0:54:00,54,2,56,90,34,90
2017-422-d875-ke17,1:25:00,85,6,67,119,52,119
2017-422-d875-i186,2:03:00,123,10,90,174,84,174
2017-422-ke17-f401,2:05:00,125,14,87,171,84,171
2017-422-ke17-n409,1:21:00,81,10,66,112,46,112
2017-422-f401-tb69,1:17:00,77,2,67,114,47,114
2017-422-i186-dc58,1:30:00,90,25,77,143,66,143
2017-422-d875-se73,0:53:00,53,6,56,82,26,82
2017-422-n409-r772,1:38:00,98,7,71,125,54,125
2017-422-d875-d683,1:39:00,99,9,73,133,60,133
2017-422-tb69-me82,2:02:00,122,4,92,172,80,172
2017-422-f401-cd85,1:17:00,77,1,58,105,47,105
2017-422-i186-td51,1:40:00,100,27,78,146,68,146
2017-422-dc58-bg23,1:36:00,96,5,78,148,70,148
2017-422-ke17-k336,1:56:00,116,8,91,172,81,172
2017-422-se73-ke29,2:01:00,121,4,109,199,90,199
2017-422-n409-g628,1:25:00,85,8,70,121,51,121
2017-422-tb69-f510,1:07:00,67,5,66,107,41,107
2017-422-td51-z355,1:57:00,117,8,97,178,81,178
2017-422-d875-l397,1:32:00,92,11,76,145,69,145
2017-422-k336-t786,1:35:00,95,19,77,151,74,151
2017-422-i186-pl56,0:56:00,56,16,56,95,39,95
2017-422-cd85-z168,1:33:00,93,4,75,139,64,139
2017-422-me82-q927,1:39:00,99,4,81,151,70,151
2017-422-r772-ma30,2:20:00,140,7,99,188,89,188
2017-422-bg23-hb05,1:00:00,60,2,61,101,40,101
2017-422-d683-kc12,1:40:00,100,4,74,137,63,137
2017-422-dc58-rb56,1:57:00,117,8,90,177,87,177
2017-422-f401-t742,2:25:00,145,6,104,191,87,191
2017-422-ke29-f586,1:12:00,72,5,65,108,43,108
2017-422-ke17-d801,1:26:00,86,15,75,138,63,138
2017-422-se73-sh90,2:12:00,132,2,101,193,92,193
2017-422-ke17-gb88,1:06:00,66,10,64,109,45,109
2017-422-cd85-l503,1:07:00,67,8,60,102,42,102
2017-422-d683-ba47,1:55:00,115,17,87,162,75,162
2017-422-dc58-bd06,1:33:00,93,11,73,136,63,136
2017-422-se73-sm25,1:33:00,93,7,75,138,63,138
2017-422-q927-ke64,0:51:00,51,7,56,88,32,88
2017-422-i186-t840,1:25:00,85,20,76,142,66,142
2017-422-ma30-h940,2:04:00,124,21,100,197,97,197
2017-422-bg23-cg80,1:52:00,112,4,88,165,77,165
2017-422-d801-a678,1:33:00,93,9,75,136,61,136
2017-422-f401-j386,2:22:00,142,4,107,197,90,197
2017-422-f510-mm58,1:40:00,100,4,90,170,80,170
2017-422-g628-sj55,1:25:00,85,1,63,120,57,120
2017-422-k336-v708,1:41:00,101,29,84,155,71,155
2017-422-ke29-sm37,1:39:00,99,6,86,162,76,162
2017-422-kc12-pd31,0:56:00,56,3,62,99,37,99
2017-422-l397-ch27,1:16:00,76,14,65,114,49,114
2017-422-pl56-y124,1:36:00,96,4,83,164,81,164
2017-422-me82-h756,2:06:00,126,6,91,179,88,179
2017-422-rb56-e865,1:49:00,109,14,104,188,84,188
2017-422-r772-y061,1:44:00,104,9,82,151,69,151
2017-422-sh90-e831,1:38:00,98,7,80,147,67,147
2017-422-td51-mn13,1:23:00,83,7,75,136,61,136
2017-422-z168-v306,1:08:00,68,4,58,106,48,106
2017-422-e865-t742,1:19:00,79,10,68,122,54,122
2017-422-d801-mk66,1:06:00,66,4,64,113,49,113
2017-422-sh90-pc78,1:04:00,64,7,58,102,44,102
2017-422-kc12-f586,1:14:00,74,4,58,92,34,92
2017-422-y061-g858,2:09:00,129,5,93,175,82,175
2017-422-mn13-rb56,1:41:00,101,6,81,158,77,158
2017-422-sj55-hb05,1:47:00,107,3,79,156,77,156
2017-422-sh90-sf62,1:05:00,65,2,64,107,43,107
2017-422-t742-mw84,3:02:00,182,9,128,241,113,241
2017-422-g858-re44,1:16:00,76,13,66,116,50,116
2017-422-rb56-l987,1:28:00,88,6,78,140,62,140
2017-422-d801-o522,1:36:00,96,8,97,181,84,181
2017-422-sj55-pd07,1:30:00,90,3,73,138,65,138
2017-422-kc12-j267,1:53:00,113,3,75,147,72,147
2017-422-mk66-i165,1:03:00,63,2,69,119,50,119
2017-422-pc78-e873,1:37:00,97,13,80,151,71,151
2017-422-hb05-b747,1:47:00,107,7,83,158,75,158
2017-422-y061-a829,1:58:00,118,3,97,185,88,185
2017-422-f586-mf09,1:32:00,92,1,77,147,70,147
2017-422-e865-f811,1:57:00,117,14,97,203,106,203
2017-422-mn13-ga94,1:11:00,71,19,70,127,57,127
2017-6242-bd06-d923,1:31:00,91,3,70,131,61,131
2017-6242-d923-e831,1:53:00,113,2,90,178,88,178
2017-6242-bd06-sl28,1:14:00,74,2,65,109,44,109
2017-6242-bd06-fb98,1:29:00,89,5,71,124,53,124
2017-6242-sl28-cg80,1:24:00,84,10,74,135,61,135
2017-6242-bd06-b837,1:23:00,83,0,66,118,52,118
2017-6242-e831-j386,1:59:00,119,5,92,174,82,174
2017-6242-cg80-i186,1:18:00,78,2,64,111,47,111
2017-6242-fb98-l503,1:57:00,117,9,81,163,82,163
2017-6242-j386-b884,1:35:00,95,9,66,121,55,121
2017-6242-d923-ch27,1:10:00,70,3,61,108,47,108
2017-6242-ch27-b747,0:56:00,56,3,37,71,34,71
2017-6242-d923-z184,1:18:00,78,7,69,127,58,127
2017-6242-e831-f724,1:07:00,67,4,61,99,38,99
2017-6242-sl28-sa93,2:33:00,153,18,122,240,118,240
2017-6242-bd06-l987,1:11:00,71,1,58,99,41,99
2017-6242-b747-cd85,2:41:00,161,13,120,232,112,232
2017-6242-i186-kb54,1:48:00,108,13,80,162,82,162
2017-6242-sl28-c882,1:27:00,87,13,82,153,71,153
2017-6242-j386-l575,1:16:00,76,11,68,125,57,125
2017-6242-l503-mj08,2:24:00,144,8,86,177,91,177
2017-6242-z184-v306,2:06:00,126,1,84,172,88,172
2017-6242-d923-sd32,2:08:00,128,2,87,177,90,177
2017-6242-b884-t840,2:02:00,122,3,91,168,77,168
2017-6242-fb98-se73,1:07:00,67,12,64,107,43,107
2017-6242-sa93-bh09,1:57:00,117,6,85,163,78,163
2017-6242-ch27-re44,1:49:00,109,2,92,162,70,162
2017-6242-e831-mm58,2:11:00,131,4,93,190,97,190
2017-6242-cg80-y124,2:02:00,122,7,85,162,77,162
2017-6242-b837-v708,1:25:00,85,4,72,127,55,127
2017-6242-f724-sh90,1:31:00,91,6,79,145,66,145
2017-6242-b837-be90,1:37:00,97,14,83,149,66,149
2017-6242-b747-h996,1:20:00,80,4,68,119,51,119
2017-6242-b884-bi81,1:22:00,82,1,64,114,50,114
2017-6242-d923-i165,1:05:00,65,2,60,105,45,105
2017-6242-e831-f586,1:12:00,72,9,63,106,43,106
2017-6242-f724-g858,1:33:00,93,4,75,133,58,133
2017-6242-fb98-j267,2:03:00,123,12,95,183,88,183
2017-6242-kb54-kc29,1:26:00,86,5,70,126,56,126
2017-6242-l987-ch73,0:55:00,55,4,56,96,40,96
2017-6242-l575-e678,0:58:00,58,4,61,99,38,99
2017-6242-mj08-d801,0:55:00,55,8,51,91,40,91
2017-6242-re44-d632,1:14:00,74,11,64,116,52,116
2017-6242-sa93-t742,1:02:00,62,4,57,93,36,93
2017-6242-sl28-gb93,1:49:00,109,15,98,189,91,189
2017-6242-y124-sc73,1:09:00,69,3,62,109,47,109
2017-6242-z184-ke73,1:02:00,62,3,58,94,36,94
2017-6242-e831-e678,0:58:00,58,6,57,91,34,91
2017-6242-sc73-ke73,1:17:00,77,4,62,114,52,114
2017-6242-bi81-gh92,1:22:00,82,5,76,132,56,132
2017-6242-f724-kb14,1:06:00,66,4,58,98,40,98
2017-6242-e831-ph71,1:47:00,107,6,82,151,69,151
2017-6242-sc73-e661,2:31:00,151,10,111,220,109,220
2017-6242-gh92-be54,2:30:00,150,8,117,235,118,235
2017-6242-f724-sk41,1:03:00,63,3,59,97,38,97
2017-6242-kb14-dh58,1:07:00,67,5,61,102,41,102
2017-6242-ke73-sf76,2:07:00,127,7,98,195,97,195
2017-6242-bi81-ml73,1:37:00,97,4,85,156,71,156
2017-6242-e678-mj98,1:23:00,83,5,68,134,66,134
2017-560-n409-a678,2:27:00,147,1,102,180,78,180
2017-560-n409-re44,1:36:00,96,4,92,145,53,145
2017-560-a678-cd85,2:55:00,175,22,137,247,110,247
2017-560-n409-d683,2:31:00,151,5,109,185,76,185
2017-560-d683-f324,2:51:00,171,12,131,256,125,256
2017-560-cd85-sm37,1:59:00,119,7,97,169,72,169
2017-560-n409-d801,1:41:00,101,4,89,149,60,149
2017-560-a678-q927,3:27:00,207,22,157,300,143,300
2017-560-re44-gb88,2:05:00,125,12,116,218,102,218
2017-560-f324-k435,1:49:00,109,11,101,171,70,171
2017-560-d683-tb69,3:35:00,215,9,139,280,141,280
2017-560-a678-l503,2:57:00,177,18,128,233,105,233
2017-560-q927-z168,1:17:00,77,18,88,142,54,142
2017-560-cd85-su55,2:54:00,174,1,128,252,124,252
2017-560-sm37-pf39,2:35:00,155,9,127,247,120,247
2017-560-d801-t840,1:22:00,82,3,85,137,52,137
2017-560-gb88-mc65,1:15:00,75,0,64,114,50,114
2017-560-n409-md56,3:15:00,195,4,140,260,120,260
2017-560-re44-d923,2:46:00,166,7,141,274,133,274
2017-560-f324-l397,1:46:00,106,13,98,175,77,175
2017-560-d683-bd06,2:10:00,130,14,94,169,75,169
2017-560-k435-mh30,2:20:00,140,5,114,208,94,208
2017-560-tb69-me82,2:13:00,133,5,107,193,86,193
2017-560-q927-a829,2:08:00,128,19,113,209,96,209
2017-560-z168-i186,2:07:00,127,4,107,195,88,195
2017-560-l503-f586,2:12:00,132,7,95,173,78,173
2017-560-a678-cg80,1:50:00,110,12,90,159,69,159
2017-560-cd85-m873,1:48:00,108,4,95,165,70,165
2017-560-su55-e831,2:04:00,124,8,98,182,84,182
2017-560-pf39-k926,2:21:00,141,9,117,224,107,224
2017-560-sm37-c977,3:24:00,204,6,147,284,137,284
2017-560-n409-da81,2:53:00,173,6,126,224,98,224
2017-560-md56-se73,2:59:00,179,20,137,258,121,258
2017-560-t840-ta12,2:05:00,125,12,110,190,80,190
2017-560-d801-ba47,2:37:00,157,7,129,234,105,234
2017-560-gb88-pc11,4:20:00,260,14,174,359,185,359
2017-560-mc65-y124,3:17:00,197,19,157,308,151,308
2017-560-d923-sk94,2:11:00,131,3,117,195,78,195
2017-560-re44-d875,2:27:00,147,7,124,230,106,230
2017-560-l397-v306,2:11:00,131,11,108,201,93,201
2017-560-f324-y061,3:08:00,188,12,174,317,143,317
2017-560-k435-g725,1:27:00,87,7,77,124,47,124
2017-560-mh30-j267,2:00:00,120,5,109,184,75,184
2017-560-d683-mb53,2:10:00,130,17,103,182,79,182
2017-560-bd06-ba65,1:49:00,109,4,109,180,71,180
2017-560-me82-f811,2:17:00,137,12,124,213,89,213
2017-560-tb69-fb98,2:50:00,170,5,141,278,137,278
2017-560-q927-sc56,1:20:00,80,19,84,141,57,141
2017-560-a829-l575,3:56:00,236,6,171,342,171,342
2017-560-z168-pd31,2:49:00,169,8,163,313,150,313
2017-560-i186-ch27,1:46:00,106,30,98,170,72,170
2017-560-f586-tc61,2:57:00,177,3,132,254,122,254
2017-560-l503-ma30,3:28:00,208,11,150,283,133,283
2017-560-a678-g858,2:17:00,137,18,106,197,91,197
2017-560-cg80-z355,3:26:00,206,5,151,299,148,299
2017-560-su55-t786,2:12:00,132,2,103,193,90,193
2017-560-e831-j386,2:17:00,137,2,113,206,93,206
2017-560-m873-r772,3:27:00,207,14,163,299,136,299
2017-560-cd85-n771,1:43:00,103,3,99,176,77,176
2017-560-pf39-dc58,3:30:00,210,16,159,317,158,317
2017-560-k926-d864,2:28:00,148,1,112,207,95,207
2017-560-sm37-t742,2:20:00,140,0,114,201,87,201
2017-560-c977-mb02,1:40:00,100,18,92,153,61,153
2017-560-n409-l987,2:16:00,136,5,105,188,83,188
2017-560-da81-pl56,2:58:00,178,1,144,274,130,274
2017-560-se73-bu54,1:49:00,109,2,86,137,51,137
2017-560-md56-g628,3:00:00,180,9,120,223,103,223
2017-560-ta12-f510,2:27:00,147,9,131,238,107,238
2017-560-t840-gb93,2:56:00,176,11,150,289,139,289
2017-560-d801-sl28,2:30:00,150,10,133,255,122,255
2017-560-ba47-h940,2:07:00,127,9,108,192,84,192
2017-560-gb88-b747,2:18:00,138,12,117,215,98,215
2017-560-pc11-d632,1:29:00,89,3,88,132,44,132
2017-560-y124-mn13,2:23:00,143,8,99,186,87,186
2017-560-mc65-ca12,2:06:00,126,18,110,205,95,205
2017-560-d923-c882,2:03:00,123,2,115,212,97,212
2017-560-sk94-kc29,2:48:00,168,8,143,255,112,255
2017-560-re44-bh09,1:42:00,102,5,91,163,72,163
2017-560-d875-sn77,1:49:00,109,6,104,176,72,176
2017-560-f324-td51,2:37:00,157,17,133,254,121,254
2017-560-y061-k834,3:06:00,186,11,141,268,127,268
2017-560-v306-pd07,0:34:00,34,1,30,51,21,51
2017-560-l397-kb54,2:55:00,175,26,152,283,131,283
2017-560-k435-sf62,1:44:00,104,6,93,160,67,160
2017-560-g725-me31,3:28:00,208,10,147,267,120,267
2017-560-j267-mj08,3:46:00,226,15,169,335,166,335
2017-560-mh30-ke17,2:15:00,135,3,115,219,104,219
2017-560-bd06-sa93,2:55:00,175,4,136,253,117,253
2017-560-ba65-bd20,1:42:00,102,16,107,184,77,184
2017-560-mb53-k0a3,2:31:00,151,11,114,198,84,198
2017-560-d683-l949,2:34:00,154,16,121,228,107,228
2017-560-me82-be90,1:35:00,95,5,88,150,62,150
2017-560-f811-k336,3:15:00,195,7,137,274,137,274
2017-560-fb98-b837,1:59:00,119,7,103,192,89,192
2017-560-tb69-dh58,1:49:00,109,3,90,150,60,150
2017-560-q927-sd32,1:52:00,112,10,99,180,81,180
2017-560-a829-e873,3:07:00,187,3,149,283,134,283
2017-560-sc56-e865,1:33:00,93,2,96,163,67,163
2017-560-l575-ke29,2:14:00,134,7,118,211,93,211
2017-560-z168-kd35,3:28:00,208,11,171,337,166,337
2017-560-ch27-z184,3:30:00,210,16,145,287,142,287
2017-560-pd31-l797,1:35:00,95,14,104,187,83,187
2017-560-i186-h996,2:23:00,143,22,118,209,91,209
2017-560-f586-sj55,3:04:00,184,3,149,293,144,293
2017-560-l503-sh90,3:00:00,180,9,135,254,119,254
2017-560-tc61-sm25,3:56:00,236,8,165,335,170,335
2017-560-ma30-ta46,2:33:00,153,27,135,249,114,249
2017-560-a678-ab71,1:43:00,103,22,95,160,65,160
2017-560-g858-g983,3:40:00,220,20,159,299,140,299
2017-560-cg80-v708,2:28:00,148,9,117,221,104,221
2017-560-z355-kc86,2:50:00,170,6,138,262,124,262
2017-560-su55-mm58,1:36:00,96,6,104,170,66,170
2017-560-j386-a479,2:22:00,142,16,115,210,95,210
2017-560-t786-ca99,1:51:00,111,13,104,183,79,183
2017-560-e831-h756,1:54:00,114,3,101,188,87,188
2017-560-m873-f724,3:22:00,202,9,156,321,165,321
2017-560-cd85-kb37,2:04:00,124,1,96,175,79,175
2017-560-n771-t315,1:32:00,92,5,81,145,64,145
2017-560-r772-i165,4:55:00,295,12,211,418,207,418
2017-560-pf39-be54,1:42:00,102,8,100,179,79,179
2017-560-k926-f401,2:43:00,163,4,124,225,101,225
2017-560-dc58-bg23,2:47:00,167,9,147,270,123,270
2017-560-d864-h804,1:20:00,80,6,70,125,55,125
2017-560-c977-sl08,2:48:00,168,11,127,236,109,236
2017-560-sm37-b884,1:41:00,101,0,92,149,57,149
2017-560-t742-kd46,4:10:00,250,10,187,352,165,352
2017-560-mb02-sc73,2:36:00,156,3,128,263,135,263
2017-341-pd31-bg23,1:00:00,60,17,65,117,52,117
2017-341-g967-z168,0:29:00,29,4,31,51,20,51
2017-341-g967-pd31,1:07:00,67,3,72,129,57,129
2017-341-pd31-gb88,2:25:00,145,20,127,249,122,249
2017-341-z168-d750,1:31:00,91,5,81,154,73,154
2017-341-bg23-i165,1:25:00,85,6,80,148,68,148
2017-341-g967-ca99,0:56:00,56,8,57,97,40,97
2017-341-gb88-a479,1:33:00,93,13,88,165,77,165
2017-341-ca99-pf39,1:46:00,106,15,90,176,86,176
2017-341-bg23-ma30,1:12:00,72,6,67,122,55,122
2017-341-z168-l949,1:00:00,60,7,63,113,50,113
2017-341-pd31-g710,0:55:00,55,6,55,87,32,87
2017-341-g967-sd32,1:35:00,95,8,78,144,66,144
2017-341-d750-m873,1:25:00,85,6,71,134,63,134
2017-341-i165-mh16,2:29:00,149,18,122,225,103,225
2017-341-z168-h996,1:58:00,118,2,108,204,96,204
2017-341-i165-g628,1:54:00,114,8,78,164,86,164
2017-341-pd31-te51,0:57:00,57,3,58,103,45,103
2017-341-sd32-sa93,1:16:00,76,4,64,102,38,102
2017-341-a479-b747,1:40:00,100,10,81,154,73,154
2017-341-bg23-me31,2:02:00,122,6,103,209,106,209
2017-341-ca99-g983,1:06:00,66,12,69,117,48,117
2017-341-g967-gb93,1:36:00,96,10,103,197,94,197
2017-341-g710-ba98,2:42:00,162,17,109,218,109,218
2017-341-l949-m850,1:14:00,74,12,68,118,50,118
2017-341-mh16-kc29,2:06:00,126,6,101,190,89,190
2017-341-m873-ba65,1:14:00,74,10,69,121,52,121
2017-341-g967-mg08,1:01:00,61,7,70,123,53,123
2017-341-te51-mh16,2:09:00,129,15,109,210,101,210
2017-341-ba98-hh26,2:34:00,154,5,118,230,112,230
2017-341-g967-sj22,0:59:00,59,8,59,97,38,97
2017-341-me31-d750,1:42:00,102,0,75,148,73,148
2017-341-te51-o340,1:23:00,83,3,77,142,65,142
2017-341-mg08-hb48,1:07:00,67,3,71,125,54,125
2017-341-me31-z419,1:18:00,78,0,67,123,56,123
2017-341-mh16-sq86,1:18:00,78,8,70,122,52,122
2017-341-ba98-k839,1:34:00,94,2,79,148,69,148
2017-341-hh26-d787,2:04:00,124,10,98,193,95,193
2017-341-d750-mi11,1:02:00,62,9,62,96,34,96
2017-568-f510-bd06,2:28:00,148,4,104,213,109,213
2017-568-d923-sl28,1:20:00,80,3,74,136,62,136
2017-568-d923-f510,1:54:00,114,3,98,183,85,183
2017-568-bd06-t840,1:12:00,72,1,60,100,40,100
2017-568-sl28-t786,1:49:00,109,5,87,165,78,165
2017-568-d923-bi23,1:52:00,112,0,96,187,91,187
2017-568-bd06-sc73,1:40:00,100,4,79,141,62,141
2017-568-f510-be90,0:59:00,59,3,62,95,33,95
2017-568-f510-y061,1:59:00,119,2,97,185,88,185
2017-568-bi23-me82,1:39:00,99,2,79,147,68,147
2017-568-t786-sh90,2:09:00,129,16,107,196,89,196
2017-568-t840-pc11,2:27:00,147,9,112,212,100,212
2017-568-sl28-f586,1:24:00,84,6,70,128,58,128
2017-568-d923-b837,1:38:00,98,1,78,148,70,148
2017-568-k435-td47,1:01:00,61,3,61,102,41,102
2017-568-d923-l503,1:58:00,118,0,83,159,76,159
2017-568-t840-kb54,1:45:00,105,9,88,166,78,166
2017-568-b837-z184,1:52:00,112,18,84,157,73,157
2017-568-sl28-cg80,1:43:00,103,11,86,159,73,159
2017-568-be90-mn20,1:35:00,95,2,82,156,74,156
2017-568-bi23-g858,1:03:00,63,3,59,96,37,96
2017-568-f586-mm58,1:33:00,93,1,80,148,68,148
2017-568-sc73-a829,1:56:00,116,4,88,169,81,169
2017-568-pc11-l987,1:22:00,82,3,71,127,56,127
2017-568-sh90-d864,1:39:00,99,5,85,156,71,156
2017-568-y061-sj55,1:33:00,93,5,77,148,71,148
2017-568-bi23-a829,1:57:00,117,7,87,173,86,173
2017-568-sj55-e180,1:43:00,103,1,86,159,73,159
2017-568-mn20-v717,1:03:00,63,2,61,101,40,101
2017-568-g858-n561,1:10:00,70,6,62,99,37,99
2017-568-a829-k596,1:56:00,116,2,92,178,86,178
2017-568-sj55-ge28,1:04:00,64,2,66,106,40,106
2017-568-v717-kd87,1:25:00,85,1,75,129,54,129
2017-568-g858-v850,1:45:00,105,8,89,161,72,161
2017-568-mn20-g681,2:02:00,122,9,93,172,79,172
2017-568-bi23-ha28,0:55:00,55,2,63,100,37,100
2017-568-e180-mi33,1:36:00,96,1,84,154,70,154
2017-568-n561-kd70,1:29:00,89,6,70,127,57,127
2017-7581-i165-b837,0:24:00,24,3,19,32,13,32
2017-7581-i165-se73,1:39:00,99,11,87,151,64,151
2017-7581-se73-l987,1:04:00,64,1,56,101,45,101
2017-7581-b837-pc11,2:02:00,122,12,96,184,88,184
2017-7581-b837-l575,1:02:00,62,9,61,104,43,104
2017-7581-i165-dc58,2:30:00,150,12,115,232,117,232
2017-7581-pc11-fb98,1:42:00,102,5,84,159,75,159
2017-7581-pc11-tb69,1:56:00,116,1,89,172,83,172
2017-7581-l987-r772,1:07:00,67,4,61,102,41,102
2017-7581-i165-ke29,1:05:00,65,8,61,103,42,103
2017-7581-l575-re44,0:54:00,54,3,57,91,34,91
2017-7581-se73-mj08,1:02:00,62,3,57,95,38,95
2017-7581-dc58-e831,1:39:00,99,7,81,150,69,150
2017-7581-b837-g967,1:47:00,107,8,99,179,80,179
2017-7581-fb98-bg23,1:27:00,87,12,85,156,71,156
2017-7581-se73-pf00,0:22:00,22,0,26,36,10,36
2017-7581-e831-ta46,1:02:00,62,9,58,102,44,102
2017-7581-bg23-t840,1:42:00,102,4,92,177,85,177
2017-7581-g967-md56,0:55:00,55,9,59,96,37,96
2017-7581-b837-pd07,2:47:00,167,8,118,226,108,226
2017-7581-dc58-te51,2:25:00,145,9,104,211,107,211
2017-7581-fb98-w571,1:03:00,63,6,62,110,48,110
2017-7581-i165-sl28,1:46:00,106,9,91,165,74,165
2017-7581-l987-mb53,1:15:00,75,9,72,124,52,124
2017-7581-l575-y268,1:06:00,66,8,64,109,45,109
2017-7581-mj08-wb32,1:59:00,119,7,94,184,90,184
2017-7581-pc11-cg80,1:39:00,99,6,76,142,66,142
2017-7581-fb98-c582,1:02:00,62,11,60,102,42,102
2017-7581-te51-gc88,0:56:00,56,8,64,101,37,101
2017-7581-mb53-w614,1:14:00,74,4,67,110,43,110
2017-7581-fb98-q019,0:56:00,56,13,65,111,46,111
2017-7581-pf00-x015,1:22:00,82,14,76,135,59,135
2017-7581-te51-sx90,1:01:00,61,8,57,97,40,97
2017-7581-mb53-tg30,0:53:00,53,3,56,89,33,89
2017-7581-gc88-n598,1:13:00,73,6,70,125,55,125
2017-7581-pf00-u134,2:11:00,131,10,107,218,111,218
2017-7581-c582-m760,0:48:00,48,5,43,77,34,77
2017-7581-w614-sf89,1:12:00,72,2,66,111,45,111
2017-7581-x015-v576,1:32:00,92,9,92,170,78,170
2017-6967-gb88-d801,2:03:00,123,15,95,178,83,178
2017-6967-d801-d923,1:13:00,73,8,65,122,57,122
2017-6967-d923-z355,1:31:00,91,1,68,128,60,128
2017-6967-gb88-l949,2:17:00,137,5,106,208,102,208
2017-6967-gb88-y124,1:04:00,64,6,63,107,44,107
2017-6967-d801-sc56,1:14:00,74,9,68,124,56,124
2017-6967-z355-d632,2:48:00,168,15,111,224,113,224
2017-6967-l949-z371,2:06:00,126,11,96,183,87,183
2017-6967-gb88-d864,1:24:00,84,7,67,127,60,127
2017-6967-sc56-z168,1:46:00,106,2,90,163,73,163
2017-6967-z371-l503,2:28:00,148,12,101,201,100,201
2017-6967-d801-sc77,1:47:00,107,7,76,143,67,143
2017-6967-d923-l797,1:14:00,74,5,70,132,62,132
2017-6967-y124-ca12,1:35:00,95,11,75,140,65,140
2017-6967-l949-ca99,2:08:00,128,17,97,177,80,177
2017-6967-d801-hg86,1:04:00,64,11,59,99,40,99
2017-6967-d923-mh30,1:17:00,77,11,66,116,50,116
2017-6967-l949-sh90,1:09:00,69,7,65,107,42,107
2017-6967-ca12-g983,1:53:00,113,14,84,158,74,158
2017-6967-y124-ki74,1:51:00,111,6,86,163,77,163
2017-6967-ca99-j267,2:19:00,139,15,99,188,89,188
2017-6967-d632-z272,1:52:00,112,6,92,176,84,176
2017-6967-d864-sq80,2:03:00,123,9,97,189,92,189
2017-6967-l797-g710,1:05:00,65,4,61,104,43,104
2017-6967-sc56-e690,1:28:00,88,7,75,125,50,125
2017-6967-sc77-kc29,1:13:00,73,16,64,107,43,107
2017-6967-z371-sc73,1:20:00,80,5,66,115,49,115
2017-6967-hg86-j551,2:31:00,151,4,86,172,86,172
2017-6967-l797-pg94,1:18:00,78,10,60,110,50,110
2017-6967-e690-ph71,1:47:00,107,12,99,169,70,169
2017-6967-ph71-a829,1:10:00,70,8,59,96,37,96
2017-6967-z371-mi01,1:52:00,112,8,78,149,71,149
2017-6967-j551-s604,1:13:00,73,9,62,112,50,112
2017-6967-l797-tf58,1:14:00,74,11,62,117,55,117
2017-6967-e690-sf76,1:27:00,87,6,68,119,51,119
2017-6967-mi01-h997,1:03:00,63,0,59,100,41,100
2017-6967-hg86-o522,1:49:00,109,14,92,173,81,173
2017-6967-pg94-r685,1:44:00,104,5,71,131,60,131
2017-6967-z371-be69,1:19:00,79,5,71,125,54,125
2017-747-n409-d875,2:16:00,136,1,94,174,80,174
2017-747-n409-ke17,1:32:00,92,2,70,120,50,120
2017-747-ke17-z355,1:18:00,78,11,66,113,47,113
2017-747-n409-i186,1:44:00,104,5,79,141,62,141
2017-747-z355-re44,1:10:00,70,9,66,113,47,113
2017-747-d875-bd06,2:29:00,149,12,101,193,92,193
2017-747-n409-ke29,1:29:00,89,3,72,127,55,127
2017-747-ke17-d632,0:30:00,30,12,37,49,12,49
2017-747-z355-f510,1:12:00,72,4,65,118,53,118
2017-747-d875-d683,2:00:00,120,4,85,162,77,162
2017-747-bd06-bh09,0:51:00,51,2,45,63,18,63
2017-747-i186-md56,0:59:00,59,8,55,90,35,90
2017-747-n409-pf39,2:31:00,151,4,113,212,99,212
2017-747-re44-ba47,1:48:00,108,6,88,169,81,169
2017-747-d632-l987,1:13:00,73,1,66,117,51,117
2017-747-z355-e831,1:32:00,92,7,80,147,67,147
2017-747-d875-d923,1:54:00,114,9,92,169,77,169
2017-747-d632-cd85,1:20:00,80,1,68,116,48,116
2017-747-i186-j267,0:53:00,53,11,54,86,32,86
2017-747-bd06-z272,1:00:00,60,4,56,93,37,93
2017-747-ba47-dc58,1:30:00,90,5,66,136,70,136
2017-747-ke17-z168,1:22:00,82,11,73,132,59,132
2017-747-ke17-bg23,0:56:00,56,12,59,92,33,92
2017-747-bh09-g710,1:13:00,73,6,62,103,41,103
2017-747-d683-c882,1:39:00,99,11,75,143,68,143
2017-747-f510-h756,1:33:00,93,2,79,149,70,149
2017-747-ke29-w571,1:10:00,70,3,64,112,48,112
2017-747-l987-v306,1:26:00,86,1,78,148,70,148
2017-747-md56-l503,2:58:00,178,12,117,233,116,233
2017-747-re44-sm25,1:29:00,89,6,84,154,70,154
2017-747-z168-sl28,2:06:00,126,9,101,198,97,198
2017-747-g710-cg80,1:27:00,87,1,65,117,52,117
2017-747-l987-sc73,1:40:00,100,3,92,165,73,165
2017-747-d632-pb22,2:41:00,161,2,108,221,113,221
2017-747-j267-sc77,2:07:00,127,2,86,171,85,171
2017-747-cg80-gc88,1:21:00,81,1,66,112,46,112
2017-747-sc73-tg30,1:01:00,61,2,59,98,39,98
2017-747-d632-sx90,1:19:00,79,2,65,118,53,118
2017-747-j267-z371,1:21:00,81,4,68,118,50,118
2017-747-g710-ca12,1:19:00,79,0,63,106,43,106
2017-747-l987-g983,1:43:00,103,3,89,170,81,170
2017-747-sc77-mj08,2:35:00,155,11,114,223,109,223
2017-747-pb22-d646,1:26:00,86,4,68,132,64,132
2017-329-gb88-me82,1:24:00,84,3,69,122,53,122
2017-329-gb88-sm37,2:04:00,124,6,88,173,85,173
2017-329-me82-c977,2:43:00,163,8,115,214,99,214
2017-329-c977-h940,0:53:00,53,11,51,73,22,73
2017-329-sm37-j386,1:33:00,93,3,79,134,55,134
2017-329-c977-u134,1:14:00,74,14,58,104,46,104
2017-329-gb88-g628,1:37:00,97,8,70,121,51,121
2017-329-me82-se73,1:52:00,112,6,88,157,69,157
2017-329-se73-r975,0:08:00,8,0,5,8,3,8
2017-329-h940-a678,2:01:00,121,2,84,172,88,172
2017-329-sm37-ta46,0:57:00,57,2,61,99,38,99
2017-329-gb88-e690,2:20:00,140,8,110,211,101,211
2017-329-j386-d801,1:01:00,61,6,57,95,38,95
2017-329-me82-v708,1:10:00,70,6,63,109,46,109
2017-329-g628-l575,1:29:00,89,2,74,132,58,132
2017-329-c977-te51,1:14:00,74,8,59,98,39,98
2017-329-gb88-l397,1:15:00,75,12,68,122,54,122
2017-329-j386-tb69,2:19:00,139,10,108,214,106,214
2017-329-a678-sd32,1:32:00,92,17,72,130,58,130
2017-329-r975-t840,1:12:00,72,16,59,110,51,110
2017-329-d801-mm58,1:01:00,61,4,60,101,41,101
2017-329-v708-r772,2:09:00,129,7,91,171,80,171
2017-329-g628-q927,1:29:00,89,3,74,137,63,137
2017-329-sm37-y124,1:17:00,77,3,70,118,48,118
2017-329-h940-tf58,2:01:00,121,5,91,177,86,177
2017-329-l575-da81,1:02:00,62,4,60,96,36,96
2017-329-me82-sc47,1:44:00,104,10,77,143,66,143
2017-329-e690-k336,1:07:00,67,3,58,103,45,103
2017-329-ta46-sh90,1:46:00,106,10,85,170,85,170
2017-329-se73-pd31,0:34:00,34,3,31,53,22,53
2017-329-u134-sf76,2:04:00,124,9,94,165,71,165
2017-329-te51-td51,1:15:00,75,3,64,112,48,112
2017-329-sf76-a829,2:08:00,128,3,90,177,87,177
2017-329-e690-h997,0:57:00,57,3,62,101,39,101
2017-329-td51-u174,1:06:00,66,5,62,113,51,113
2017-329-tf58-pd07,1:41:00,101,2,79,142,63,142
2017-329-pd07-wb08,2:01:00,121,11,91,175,84,175
2017-329-e690-kc29,1:18:00,78,11,78,140,62,140
2017-329-a829-o522,2:32:00,152,5,125,243,118,243
2017-329-sf76-j551,1:22:00,82,8,65,122,57,122
2017-329-tf58-mb53,1:00:00,60,5,57,89,32,89
2017-329-te51-i230,2:15:00,135,9,96,183,87,183
2017-329-h997-sy67,1:08:00,68,7,70,118,48,118
2017-5014-f324-n409,1:12:00,72,10,61,105,44,105
2017-5014-n409-c977,2:12:00,132,4,91,164,73,164
2017-5014-f324-d683,1:57:00,117,7,94,175,81,175
2017-5014-n409-d875,2:32:00,152,6,102,191,89,191
2017-5014-f324-g628,1:18:00,78,5,68,124,56,124
2017-5014-n409-f510,1:03:00,63,7,54,89,35,89
2017-5014-c977-r772,1:21:00,81,10,63,112,49,112
2017-5014-d683-z355,1:56:00,116,12,91,173,82,173
2017-5014-f324-d801,1:01:00,61,11,66,114,48,114
2017-5014-c977-j386,1:28:00,88,12,70,126,56,126
2017-5014-d683-t840,2:02:00,122,8,98,179,81,179
2017-5014-d875-q927,1:21:00,81,10,71,127,56,127
2017-5014-t840-i186,1:07:00,67,15,70,122,52,122
2017-5014-g628-sd32,2:40:00,160,7,113,210,97,210
2017-5014-r772-sl28,1:27:00,87,7,74,138,64,138
2017-5014-n409-dc58,0:54:00,54,5,51,75,24,75
2017-5014-f324-sm37,1:33:00,93,14,85,157,72,157
2017-5014-z355-bh09,0:13:00,13,1,17,23,6,23
2017-5014-c977-e831,1:38:00,98,6,76,141,65,141
2017-5014-t840-tb69,1:50:00,110,12,95,185,90,185
2017-5014-d875-h940,2:33:00,153,16,110,211,101,211
2017-5014-r772-cd85,1:44:00,104,8,79,142,63,142
2017-5014-sd32-gb88,1:30:00,90,5,69,132,63,132
2017-5014-q927-td51,1:25:00,85,24,77,145,68,145
2017-5014-sl28-a678,1:31:00,91,9,78,153,75,153
2017-5014-i186-te51,1:45:00,105,14,89,177,88,177
2017-5014-f510-pf39,1:36:00,96,9,79,146,67,146
2017-5014-d683-re44,1:17:00,77,14,67,118,51,118
2017-5014-d801-l397,1:33:00,93,10,79,164,85,164
2017-5014-g628-ch27,2:25:00,145,10,99,192,93,192
2017-5014-j386-w571,0:48:00,48,7,52,79,27,79
2017-5014-ch27-bd06,1:34:00,94,5,72,126,54,126
2017-5014-a678-me82,1:01:00,61,13,62,95,33,95
2017-5014-q927-se73,0:52:00,52,10,56,93,37,93
2017-5014-i186-l987,2:26:00,146,29,102,211,109,211
2017-5014-j386-ke17,0:48:00,48,10,40,77,37,77
2017-5014-d801-sm25,1:19:00,79,9,68,120,52,120
2017-5014-pf39-mm58,1:03:00,63,5,58,110,52,110
2017-5014-d683-bg23,1:59:00,119,3,86,162,76,162
2017-5014-bh09-l503,1:11:00,71,10,57,91,34,91
2017-5014-dc58-c882,2:21:00,141,14,106,212,106,212
2017-5014-e831-v708,1:05:00,65,15,62,108,46,108
2017-5014-f510-v306,1:32:00,92,5,75,143,68,143
2017-5014-g628-h756,2:25:00,145,6,109,198,89,198
2017-5014-h940-z272,1:14:00,74,8,63,112,49,112
2017-5014-r772-sh90,2:20:00,140,13,101,192,91,192
2017-5014-l397-k336,1:27:00,87,11,76,142,66,142
2017-5014-re44-d923,1:22:00,82,2,78,135,57,135
2017-5014-sm37-tc61,1:50:00,110,5,87,164,77,164
2017-5014-sd32-wb32,1:16:00,76,7,61,110,49,110
2017-5014-sl28-z168,1:11:00,71,5,51,111,60,111
2017-5014-td51-pd31,1:12:00,72,1,67,125,58,125
2017-5014-t840-su55,1:44:00,104,7,93,163,70,163
2017-5014-w571-ca12,1:17:00,77,8,61,117,56,117
2017-5014-te51-ke29,1:14:00,74,11,68,119,51,119
2017-5014-d801-j267,1:43:00,103,7,87,161,74,161
2017-5014-td51-md56,2:00:00,120,11,91,177,86,177
2017-5014-bg23-pd07,2:07:00,127,2,95,188,93,188
2017-5014-l987-y124,1:01:00,61,1,55,93,38,93
2017-5014-te51-l575,2:09:00,129,20,102,199,97,199
2017-5014-tc61-l949,1:10:00,70,8,69,115,46,115
2017-5014-ca12-a829,1:31:00,91,9,71,125,54,125
2017-5014-d801-j551,1:29:00,89,9,79,145,66,145
2017-5014-md56-sc77,2:27:00,147,11,103,211,108,211
2017-5014-l949-cg80,1:38:00,98,6,81,154,73,154
2017-5014-y124-pb22,1:08:00,68,6,60,100,40,100
2017-5014-bg23-sx90,1:29:00,89,5,77,149,72,149
2017-5014-l575-tg30,1:22:00,82,9,74,128,54,128
2017-5014-a829-mb02,1:26:00,86,6,78,142,64,142
2017-5014-te51-g967,1:16:00,76,15,73,133,60,133
2017-5014-tc61-be69,1:02:00,62,5,63,102,39,102
2017-5014-td51-z371,1:09:00,69,12,67,123,56,123
2017-5014-l987-da81,1:48:00,108,6,95,160,65,160
2017-5014-ca12-mj08,2:11:00,131,12,101,184,83,184
2017-5014-pd07-fb98,1:27:00,87,11,75,141,66,141
2017-5014-j267-y061,0:58:00,58,2,58,99,41,99
2017-7485-t786-sm37,1:33:00,93,8,69,126,57,126
2017-7485-te51-gb88,2:33:00,153,12,107,222,115,222
2017-7485-sm37-te51,1:26:00,86,4,69,127,58,127
2017-7485-t786-be54,1:13:00,73,7,58,102,44,102
2017-7485-t786-b747,1:44:00,104,17,77,143,66,143
2017-7485-be54-sh90,2:22:00,142,8,105,205,100,205
2017-7485-sm37-f401,1:32:00,92,3,73,134,61,134
2017-7485-gb88-td51,1:20:00,80,8,73,122,49,122
2017-7485-t786-d750,1:28:00,88,7,72,134,62,134
2017-7485-be54-ke17,1:48:00,108,9,98,184,86,184
2017-7485-sm37-e873,1:41:00,101,4,86,162,76,162
2017-7485-f401-d632,2:30:00,150,1,103,202,99,202
2017-7485-b747-l949,0:54:00,54,8,54,87,33,87
2017-7485-sh90-sc77,2:03:00,123,4,100,187,87,187
2017-7485-te51-k336,1:31:00,91,7,59,125,66,125
2017-7485-f401-ta12,2:24:00,144,4,106,208,102,208
2017-7485-te51-c882,0:57:00,57,7,60,100,40,100
2017-7485-sh90-pd31,2:18:00,138,3,120,234,114,234
2017-7485-be54-g967,2:27:00,147,4,121,243,122,243
2017-7485-l949-d801,1:20:00,80,11,74,132,58,132
2017-7485-d632-sk94,1:36:00,96,1,68,133,65,133
2017-7485-b747-bg23,0:59:00,59,5,41,76,35,76
2017-7485-d750-sf41,1:02:00,62,6,62,96,34,96
2017-7485-e873-su55,1:45:00,105,5,79,151,72,151
2017-7485-sc77-dc58,1:28:00,88,8,68,131,63,131
2017-7485-k336-pc11,2:12:00,132,15,105,205,100,205
2017-7485-td51-mb02,0:59:00,59,5,62,107,45,107
2017-7485-ta12-pd07,1:52:00,112,8,83,155,72,155
2017-7485-te51-o513,2:08:00,128,11,110,210,100,210
2017-7485-sf41-ta46,1:40:00,100,9,78,150,72,150
2017-7485-d750-bk19,1:21:00,81,8,67,119,52,119
2017-7485-pd07-mh16,2:26:00,146,9,106,201,95,201
2017-7485-sf41-m873,1:52:00,112,10,87,167,80,167
2017-7485-d750-hb64,0:58:00,58,3,58,98,40,98
2017-7485-te51-bu13,0:52:00,52,3,59,90,31,90
2017-7485-ta12-cg33,1:58:00,118,9,92,168,76,168
2017-7485-o513-rb56,1:21:00,81,7,67,129,62,129
2017-7485-ta46-sj22,1:21:00,81,6,69,127,58,127
2017-7485-bk19-d981,1:37:00,97,5,82,145,63,145
2017-438-be90-me82,1:36:00,96,2,78,151,73,151
2017-438-d923-be67,1:27:00,87,5,86,149,63,149
2017-438-me82-sc56,2:06:00,126,11,104,187,83,187
2017-438-d923-be90,1:39:00,99,3,85,177,92,177
2017-438-be67-mm58,1:42:00,102,5,85,157,72,157
2017-438-be90-bk92,0:59:00,59,5,62,109,47,109
2017-438-mm58-cd85,1:11:00,71,8,70,123,53,123
2017-438-d923-sa93,1:50:00,110,6,92,177,85,177
2017-438-bk92-r772,1:52:00,112,19,96,181,85,181
2017-438-me82-r685,1:30:00,90,8,73,134,61,134
2017-438-sa93-k435,2:19:00,139,10,115,221,106,221
2017-438-d923-bf55,2:27:00,147,5,112,214,102,214
2017-438-be67-db63,0:46:00,46,6,50,71,21,71
2017-438-sc56-sc73,1:23:00,83,5,73,128,55,128
2017-438-be90-kb05,1:55:00,115,6,88,176,88,176
2017-438-kb05-re44,1:51:00,111,15,95,174,79,174
2017-438-d923-f586,1:33:00,93,4,76,154,78,154
2017-438-db63-l503,2:49:00,169,6,106,206,100,206
2017-438-be67-k834,1:59:00,119,9,85,161,76,161
2017-438-be90-l987,1:17:00,77,3,68,128,60,128
2017-438-bk92-g681,1:08:00,68,10,65,118,53,118
2017-438-bf55-sx50,1:06:00,66,1,60,101,41,101
2017-438-sc73-d864,1:17:00,77,5,64,121,57,121
2017-438-mm58-kb54,2:07:00,127,16,100,206,106,206
2017-438-r685-k776,1:52:00,112,12,93,175,82,175
2017-438-sc56-cg80,1:03:00,63,2,55,94,39,94
2017-438-sa93-v708,1:02:00,62,7,59,99,40,99
2017-438-kb05-i236,2:15:00,135,13,114,218,104,218
2017-438-be67-k926,1:27:00,87,8,71,134,63,134
2017-438-r685-bk92,1:38:00,98,3,77,150,73,150
2017-438-bf55-v717,1:27:00,87,1,69,130,61,130
2017-438-kb05-pg94,1:33:00,93,7,77,141,64,141
2017-438-k926-f786,2:21:00,141,6,100,190,90,190
2017-438-bk92-hg86,1:09:00,69,10,72,129,57,129
2017-438-bf55-pe02,1:22:00,82,3,67,116,49,116
2017-438-v717-mc18,1:51:00,111,1,84,164,80,164
2017-438-r685-dg97,1:12:00,72,6,70,129,59,129
2017-438-be67-ge28,1:09:00,69,7,70,118,48,118
2017-438-i236-sn77,1:10:00,70,8,69,124,55,124
2017-429-d683-v306,2:43:00,163,5,114,220,106,220
2017-429-d683-d875,1:23:00,83,9,61,107,46,107
2017-429-d875-f510,1:28:00,88,8,73,131,58,131
2017-429-d875-z168,1:13:00,73,4,70,119,49,119
2017-429-v306-a678,1:43:00,103,2,85,157,72,157
2017-429-f510-sm25,2:51:00,171,8,125,247,122,247
2017-429-d875-j397,1:36:00,96,9,72,136,64,136
2017-429-d683-se73,1:30:00,90,9,70,128,58,128
2017-429-a678-ch27,1:06:00,66,18,66,107,41,107
2017-429-sm25-ca12,1:15:00,75,8,71,126,55,126
2017-429-d683-sl28,1:27:00,87,3,69,123,54,123
2017-429-z168-t840,1:08:00,68,5,64,114,50,114
2017-429-f510-y218,2:09:00,129,3,100,199,99,199
2017-429-se73-b837,1:49:00,109,2,87,164,77,164
2017-429-v306-z254,1:13:00,73,3,68,121,53,121
2017-429-z168-y268,2:06:00,126,4,96,198,102,198
2017-429-se73-i165,1:56:00,116,3,89,184,95,184
2017-429-f510-j267,1:13:00,73,5,71,116,45,116
2017-429-v306-h756,0:47:00,47,3,54,81,27,81
2017-429-b837-gb93,1:15:00,75,3,66,120,54,120
2017-429-ca12-g983,1:12:00,72,12,70,115,45,115
2017-429-ch27-f724,1:20:00,80,1,69,118,49,118
2017-429-j397-h996,1:27:00,87,7,75,136,61,136
2017-429-sl28-ca99,2:11:00,131,15,111,225,114,225
2017-429-y218-md56,2:08:00,128,7,92,184,92,184
2017-429-t840-ba98,1:17:00,77,9,70,122,52,122
2017-429-z254-l797,1:39:00,99,8,90,174,84,174
2017-429-f724-sf62,0:54:00,54,4,54,92,38,92
2017-429-l797-kh56,2:01:00,121,21,110,209,99,209
2017-429-j397-z254,1:44:00,104,17,96,171,75,171
2017-429-ba98-me89,2:15:00,135,1,94,185,91,185
2017-429-f724-f09j,0:59:00,59,5,60,96,36,96
2017-429-l797-gb61,1:05:00,65,8,64,112,48,112
2017-429-ba98-rh16,1:32:00,92,4,71,127,56,127
2017-429-j397-a622,1:57:00,117,21,104,185,81,185
2017-429-me89-n679,0:56:00,56,6,58,91,33,91
2017-429-kh56-ta29,2:12:00,132,13,113,224,111,224
2017-429-z254-sp25,0:59:00,59,4,58,100,42,100
2017-429-sf62-r612,1:55:00,115,9,101,207,106,207
2017-328-d683-c977,1:38:00,98,7,68,121,53,121
2017-328-f324-gb88,1:00:00,60,4,66,105,39,105
2017-328-f324-me82,1:43:00,103,12,84,155,71,155
2017-328-f324-d683,2:32:00,152,7,112,209,97,209
2017-328-c977-f724,3:03:00,183,11,121,235,114,235
2017-328-gb88-sm25,1:19:00,79,2,71,128,57,128
2017-328-d683-bd06,2:02:00,122,8,76,150,74,150
2017-328-f324-pd31,0:58:00,58,2,62,105,43,105
2017-328-c977-cg80,2:00:00,120,10,82,150,68,150
2017-328-sm25-h756,1:37:00,97,3,76,157,81,157
2017-328-gb88-ch27,1:09:00,69,4,64,103,39,103
2017-328-d683-b747,1:30:00,90,12,69,124,55,124
2017-328-bd06-h940,1:39:00,99,3,82,146,64,146
2017-328-me82-su55,1:44:00,104,3,82,152,70,152
2017-328-f324-td51,1:02:00,62,8,62,101,39,101
2017-328-f724-md56,0:13:00,13,1,12,14,2,14
2017-328-c977-mb02,0:31:00,31,7,31,52,21,52
2017-328-d683-sh90,1:46:00,106,8,84,149,65,149
2017-328-sm25-pd07,2:23:00,143,10,100,209,109,209
2017-328-bd06-k926,0:57:00,57,3,54,78,24,78
2017-328-gb88-g967,1:22:00,82,3,76,137,61,137
2017-328-me82-be54,2:03:00,123,6,104,194,90,194
2017-328-md56-z168,1:42:00,102,8,85,157,72,157
2017-328-ch27-l503,1:37:00,97,1,73,124,51,124
2017-328-b747-y124,1:16:00,76,7,68,116,48,116
2017-328-cg80-l949,2:16:00,136,4,106,195,89,195
2017-328-f724-dc58,0:57:00,57,4,58,86,28,86
2017-328-h756-c582,1:35:00,95,8,77,140,63,140
2017-328-h940-d801,0:52:00,52,7,59,98,39,98
2017-328-pd31-j386,1:51:00,111,7,92,170,78,170
2017-328-su55-se73,2:01:00,121,13,98,182,84,182
2017-328-f724-mb02,1:10:00,70,4,65,118,53,118
2017-328-g967-m873,0:54:00,54,2,56,87,31,87
2017-328-k926-pd07,1:44:00,104,5,78,148,70,148
2017-328-b747-g710,1:30:00,90,4,65,119,54,119
2017-328-g710-i165,1:31:00,91,4,72,133,61,133
2017-328-mb02-e873,1:24:00,84,8,79,148,69,148
2017-328-g967-m850,2:25:00,145,18,120,225,105,225
2017-328-k926-bk12,1:30:00,90,4,73,132,59,132
2017-328-b747-ag37,1:21:00,81,5,70,123,53,123
2017-328-f724-sf76,2:50:00,170,8,119,229,110,229
2017-328-pd07-d750,1:29:00,89,6,69,133,64,133
2017-328-m873-hh06,1:06:00,66,4,63,106,43,106
2017-337-t786-z355,1:33:00,93,10,71,134,63,134
2017-337-t786-k435,1:46:00,106,19,78,145,67,145
2017-337-pf39-e831,2:17:00,137,13,105,196,91,196
2017-337-pf39-t786,1:12:00,72,3,65,111,46,111
2017-337-k435-sm37,1:54:00,114,4,82,159,77,159
2017-337-e831-sl28,1:15:00,75,6,64,113,49,113
2017-337-z355-sd32,2:20:00,140,9,89,176,87,176
2017-337-pf39-g628,1:32:00,92,9,81,142,61,142
2017-337-g628-tb69,2:22:00,142,4,112,206,94,206
2017-337-sm37-cd85,2:03:00,123,6,95,173,78,173
2017-337-t786-d923,2:13:00,133,11,113,206,93,206
2017-337-e831-db59,2:57:00,177,7,132,253,121,253
2017-337-k435-h996,1:35:00,95,2,80,145,65,145
2017-337-z355-t840,1:45:00,105,8,90,171,81,171
2017-337-pf39-g476,1:36:00,96,5,74,142,68,142
2017-337-sl28-r772,2:34:00,154,16,126,225,99,225
2017-337-tb69-re44,1:21:00,81,5,69,122,53,122
2017-337-cd85-pc11,1:47:00,107,3,92,170,78,170
2017-337-k435-i186,1:47:00,107,3,85,161,76,161
2017-337-r772-q927,2:53:00,173,4,127,253,126,253
2017-337-g476-a678,1:34:00,94,2,66,134,68,134
2017-337-d923-be90,1:07:00,67,1,65,115,50,115
2017-337-t786-ke29,2:11:00,131,8,105,203,98,203
2017-337-e831-f401,1:47:00,107,3,83,151,68,151
2017-337-g628-l397,1:08:00,68,2,62,103,41,103
2017-337-h996-ta46,1:34:00,94,13,85,160,75,160
2017-337-pf39-o513,1:26:00,86,10,76,139,63,139
2017-337-db59-f586,1:56:00,116,8,86,163,77,163
2017-337-sm37-f510,1:28:00,88,2,75,134,59,134
2017-337-sl28-c882,1:03:00,63,10,64,109,45,109
2017-337-sd32-g858,1:17:00,77,2,66,115,49,115
2017-337-pc11-l797,1:07:00,67,3,63,101,38,101
2017-337-db59-f586,1:51:00,111,2,87,171,84,171
2017-337-g476-sc77,1:49:00,109,2,85,154,69,154
2017-337-sc77-bg23,1:07:00,67,9,73,121,48,121
2017-337-h996-ba98,1:30:00,90,10,73,127,54,127
2017-337-pc11-y218,1:58:00,118,7,92,169,77,169
2017-337-ba98-l987,1:27:00,87,0,73,137,64,137
2017-337-f586-h804,1:04:00,64,2,57,95,38,95
2017-337-l797-sc73,1:27:00,87,1,72,133,61,133
2017-337-g476-j397,1:49:00,109,11,75,142,67,142
2017-337-h996-hb64,1:53:00,113,5,94,176,82,176
2017-337-db59-sa93,1:21:00,81,2,71,134,63,134
2017-352-sm25-kb05,1:58:00,118,9,100,177,77,177
2017-352-sm25-b747,1:19:00,79,6,65,111,46,111
2017-352-b747-c977,2:03:00,123,12,86,167,81,167
2017-352-kb05-i186,2:28:00,148,12,101,208,107,208
2017-352-i186-d683,2:11:00,131,15,92,177,85,177
2017-352-c977-bd06,1:41:00,101,7,75,137,62,137
2017-352-n409-c882,2:20:00,140,3,99,191,92,191
2017-352-sm25-v306,2:29:00,149,10,112,214,102,214
2017-352-v306-tb69,1:24:00,84,4,66,120,54,120
2017-352-d683-h756,1:32:00,92,5,69,134,65,134
2017-352-b747-gb88,1:07:00,67,14,61,109,48,109
2017-352-i186-d875,2:46:00,166,25,119,240,121,240
2017-352-kb05-m873,1:33:00,93,8,81,148,67,148
2017-352-n409-ch27,1:49:00,109,3,78,138,60,138
2017-352-sm25-pf39,1:27:00,87,7,75,142,67,142
2017-352-c977-cg80,1:35:00,95,13,71,133,62,133
2017-352-h756-z355,1:33:00,93,3,86,149,63,149
2017-352-tb69-g967,2:06:00,126,13,106,199,93,199
2017-352-d875-g628,1:23:00,83,7,61,112,51,112
2017-352-gb88-me82,1:28:00,88,5,75,133,58,133
2017-352-i186-sm37,2:35:00,155,29,119,235,116,235
2017-352-m873-cd85,1:27:00,87,5,70,124,54,124
2017-352-kb05-q927,1:09:00,69,2,68,126,58,126
2017-352-b747-t786,1:55:00,115,4,89,179,90,179
2017-352-v306-a678,2:25:00,145,5,110,209,99,209
2017-352-d683-sh90,1:03:00,63,9,60,96,36,96
2017-352-bd06-ca12,1:11:00,71,3,62,109,47,109
2017-352-c882-r772,2:27:00,147,6,116,216,100,216
2017-352-sm25-e831,2:43:00,163,14,131,255,124,255
2017-352-pf39-l397,0:58:00,58,14,63,102,39,102
2017-352-b747-su55,1:05:00,65,7,58,106,48,106
2017-352-ca12-sd32,1:06:00,66,4,61,103,42,103
2017-352-ch27-z168,0:57:00,57,0,59,94,35,94
2017-352-e831-d864,2:21:00,141,10,106,207,101,207
2017-352-cg80-sl28,1:09:00,69,10,62,112,50,112
2017-352-c882-ke29,0:59:00,59,1,55,98,43,98
2017-352-g628-pd31,1:46:00,106,1,87,163,76,163
2017-352-g967-h940,1:25:00,85,4,73,142,69,142
2017-352-h756-j386,0:51:00,51,4,57,91,34,91
2017-352-kb05-se73,1:01:00,61,6,59,101,42,101
2017-352-l397-h996,1:35:00,95,10,79,147,68,147
2017-352-m873-pd07,2:35:00,155,11,111,215,104,215
2017-352-me82-f401,1:32:00,92,3,74,134,60,134
2017-352-sm37-t840,1:10:00,70,1,61,105,44,105
2017-352-sh90-l503,1:33:00,93,7,75,140,65,140
2017-352-v306-re44,1:50:00,110,11,94,181,87,181
2017-352-sl28-g967,1:14:00,74,6,76,136,60,136
2017-352-cg80-d864,1:11:00,71,5,64,106,42,106
2017-352-sh90-hh26,1:29:00,89,7,83,152,69,152
2017-352-ca12-g476,1:06:00,66,5,60,107,47,107
2017-352-pd07-m850,1:15:00,75,11,63,113,50,113
2017-352-kb05-db63,1:58:00,118,3,98,183,85,183
2017-352-g476-dc58,2:23:00,143,5,108,217,109,217
2017-352-sl28-k926,1:27:00,87,17,81,144,63,144
2017-352-pd07-bg23,1:29:00,89,14,82,157,75,157
2017-352-cg80-bm95,1:18:00,78,6,63,119,56,119
2017-352-db63-i165,0:58:00,58,2,52,92,40,92
2017-352-kb05-pc11,1:11:00,71,4,67,116,49,116
2017-352-sh90-gb93,0:57:00,57,4,56,104,48,104
2017-352-m850-mm58,1:08:00,68,7,66,120,54,120
2017-352-g967-hb64,1:02:00,62,7,67,118,51,118
2017-352-ca12-l987,1:46:00,106,17,107,193,86,193
2017-352-d864-sa93,1:13:00,73,7,71,125,54,125
2017-352-hh26-f586,1:53:00,113,12,91,168,77,168
2017-605-d875-gb88,2:29:00,149,5,108,210,102,210
2017-605-gb88-f324,1:44:00,104,7,87,170,83,170
2017-605-d875-sm25,1:58:00,118,3,91,168,77,168
2017-605-f324-sm25,1:30:00,90,5,81,149,68,149
2017-605-f324-c977,1:54:00,114,17,105,192,87,192
2017-605-sm25-z355,1:51:00,111,5,84,171,87,171
2017-605-z355-c977,2:04:00,124,9,88,174,86,174
2017-605-gb88-tb69,1:11:00,71,2,62,107,45,107
2017-605-f324-z355,2:11:00,131,6,109,205,96,205
2017-605-d875-tb69,2:19:00,139,5,98,190,92,190
2017-605-d875-gb88,1:13:00,73,2,66,104,38,104
2017-605-tb69-cd85,2:06:00,126,12,97,183,86,183
2017-605-sm25-c977,2:27:00,147,9,103,205,102,205
2017-605-d875-cd85,0:59:00,59,3,56,84,28,84
2017-605-gb88-n409,2:36:00,156,14,113,213,100,213